0.01	514.84186263	0.00170088979122
0.02	550.182241655	0.0119216676517
0.03	276.041706457	0.0482167115674
0.04	64.6534507364	0.575216422658
0.05	14.2334198852	0.9774610624
0.06	14.1895168875	0.98349272625
0.07	14.1647945576	0.987188588909
0.08	14.1486884911	0.989614566394
0.09	14.1375801891	0.991297265724
0.1	14.1295914726	0.992503043059
0.11	14.1236216105	0.993405778158
0.12	14.119030226	0.99409837797
0.13	14.1154089479	0.994642621632
0.14	14.1124901722	0.995079216769
0.15	14.1100915697	0.995437011365
0.16	14.1080903407	0.995731894518
0.17	14.1063931016	0.99598119172
0.18	14.1049348229	0.996194661138
0.19	14.1036685829	0.996377467374
0.2	14.102555908	0.996537677114
0.21	14.1015692508	0.996678871621
0.22	14.1006867734	0.996804448153
0.23	14.0998913128	0.996917078268
0.24	14.0991692276	0.997018885287
0.25	14.0985095614	0.997111573313
0.26	14.0979034298	0.997196522169
0.27	14.0973435632	0.997274858289
0.28	14.0968239634	0.99734750827
0.29	14.0963395329	0.997415561309
0.3	14.0958863239	0.997478992965
0.31	14.0954607752	0.997538401953
0.32	14.0950597114	0.997594822363
0.33	14.0946806732	0.997648336846
0.34	14.0943214636	0.997699272337
0.35	14.0939801279	0.997748126757
0.36	14.0936551374	0.997794691243
0.37	14.0933450381	0.997839213897
0.38	14.0930484713	0.997882270321
0.39	14.0927643789	0.997923812513
0.4	14.0924917798	0.997963977121
0.41	14.0922298034	0.998002883798
0.42	14.0919776744	0.998040637597
0.43	14.0917346995	0.998077331124
0.44	14.0915002574	0.998113046192
0.45	14.0912737891	0.998147855281
0.46	14.0910547904	0.998181822758
0.47	14.0908427852	0.998215105014
0.48	14.0906374195	0.998247456039
0.49	14.0904382574	0.998279218815
0.5	14.0902449758	0.998310335342
0.51	14.0900572614	0.9983408425
0.52	14.0898748275	0.998370773515
0.53	14.0896974108	0.99840015837
0.54	14.0895247694	0.998429024154
0.55	14.0893566805	0.998457395411
0.56	14.0891929384	0.998485294393
0.57	14.0890333437	0.998512786846
0.58	14.0888777397	0.998539796184
0.59	14.0887259531	0.998566388849
0.6	14.0885778323	0.998592580137
0.61	14.0884332431	0.998618353039
0.62	14.0882920397	0.998643785452
0.63	14.0881541067	0.998668854747
0.64	14.0880193297	0.99869357169
0.65	14.0878876012	0.998717946073
0.66	14.087758821	0.998741986938
0.67	14.0876328945	0.998765702577
0.68	14.0875097334	0.998789100593
0.69	14.0873892503	0.998812197869
0.7	14.0872713751	0.998834979004
0.71	14.0871560295	0.998857461922
0.72	14.0870431437	0.998879652021
0.73	14.0869326519	0.99890155428
0.74	14.0868244945	0.99892317236
0.75	14.0867186065	0.998944513624
0.76	14.086614935	0.998965579438
0.77	14.0865134269	0.998986373266
0.78	14.0864140315	0.999006898261
0.79	14.0863167009	0.999027157317
0.8	14.0862213893	0.999047153033
0.81	14.0861280531	0.999066887767
0.82	14.0860366507	0.999086363654
0.83	14.0859471422	0.999105582628
0.84	14.0858594897	0.9991245464
0.85	14.0857736568	0.999143256488
0.86	14.0856896084	0.999161714241
0.87	14.0856073112	0.99917992088
0.88	14.0855267329	0.999197877436
0.89	14.0854478427	0.999215584822
0.9	14.0853706107	0.999233043841
0.91	14.0852950082	0.999250255168
0.92	14.0852210076	0.999267219465
0.93	14.085148582	0.999283937215
0.94	14.085077705	0.999300393956
0.95	14.0850083531	0.999316634761
0.96	14.0849405003	0.999332615216
0.97	14.0848741236	0.999348350458
0.98	14.0848092	0.999363840686
0.99	14.0847457072	0.999379086055
1	14.0846836233	0.999394086727
1.01	14.0846229273	0.999408842858
1.02	14.0845635983	0.999423354624
1.03	14.0845056161	0.999437622249
1.04	14.0844489608	0.999451645979
1.05	14.0843936129	0.999465426099
1.06	14.0843395532	0.999478962947
1.07	14.0842867628	0.999492256873
1.08	14.0842352232	0.999505308273
1.09	14.0841849161	0.999518117553
1.1	14.0841358234	0.999530685119
1.11	14.0840879272	0.999543011495
1.12	14.08404121	0.999555097207
1.13	14.0839956543	0.999566931257
1.14	14.0839512427	0.99957853806
1.15	14.0839079583	0.999589906391
1.16	14.083865784	0.999601037233
1.17	14.0838247028	0.999611931818
1.18	14.083784698	0.999622591457
1.19	14.0837457528	0.999633017694
1.2	14.0837078504	0.999643212277
1.21	14.0836709742	0.999653177054
1.22	14.0836351073	0.999662921124
1.23	14.0836002331	0.999672432017
1.24	14.083566335	0.999681719538
1.25	14.083533396	0.999690785976
1.26	14.0835013995	0.999699633712
1.27	14.0834703286	0.999708265055
1.28	14.0834401667	0.99971668239
1.29	14.0834108968	0.999724888056
1.3	14.0833825023	0.999732884491
1.31	14.0833549664	0.999740674118
1.32	14.0833282722	0.999748259451
1.33	14.0833024029	0.999755643113
1.34	14.0832773419	0.999762827897
1.35	14.0832530724	0.999769816813
1.36	14.0832295776	0.99977661311
1.37	14.0832068408	0.999783220337
1.38	14.0831848453	0.999789643548
1.39	14.0831635743	0.999795885094
1.4	14.0831430112	0.999801950317
1.41	14.0831231391	0.999807844244
1.42	14.0831039416	0.999813572269
1.43	14.0830854018	0.999819140143
1.44	14.0830675032	0.999824553947
1.45	14.0830502291	0.999829820019
1.46	14.0830335631	0.999834944927
1.47	14.0830174886	0.999839935367
1.48	14.0830019892	0.999844794609
1.49	14.0829870486	0.999849536417
1.5	14.0829726506	0.999854163941
1.6	14.082855062	0.999895360528
1.7	14.0827754184	0.999928843684
1.8	14.0827218732	0.999952274701
1.9	14.0826859513	0.999962177857
2	14.0826618875	0.99996019008
2.1	14.08264575	0.999953945513
2.2	14.0826348213	0.999952071589
2.3	14.0826272574	0.999958200174
2.4	14.0826218764	0.999969745524
2.5	14.082617961	0.999981685586
2.6	14.0826150729	0.999990522713
2.7	14.0826129124	0.999995554739
2.8	14.0826112451	0.999997717849
2.9	14.082609892	0.9999981366
3	14.0826087428	0.999997561231
3.01	14.0826086371	0.999997470448
3.02	14.082608533	0.999997372766
3.03	14.0826084305	0.999997273407
3.04	14.0826083295	0.999997167853
3.05	14.0826082302	0.99999706152
3.06	14.0826081326	0.999996949704
3.07	14.0826080365	0.999996837968
3.08	14.0826079422	0.999996721477
3.09	14.0826078495	0.999996605863
3.1	14.0826077586	0.999996486229
3.11	14.0826076694	0.999996368238
3.12	14.082607582	0.999996246964
3.13	14.0826074964	0.999996128038
3.14	14.0826074126	0.999996006576
3.15	14.0826073307	0.999995888126
3.16	14.0826072506	0.999995767877
3.17	14.0826071725	0.999995651244
3.18	14.0826070964	0.999995533547
3.19	14.0826070223	0.999995420016
3.2	14.0826069501	0.99999530614
3.21	14.08260688	0.999995196918
3.22	14.082606812	0.999995088055
3.23	14.0826067461	0.999994983215
3.24	14.0826066823	0.999994881528
3.25	14.0826066207	0.999994783241
3.26	14.0826065612	0.99999468953
3.27	14.0826065039	0.999994597818
3.28	14.0826064487	0.999994511117
3.29	14.0826063958	0.999994428688
3.3	14.082606345	0.99999435072
3.31	14.0826062965	0.999994277384
3.32	14.0826062501	0.999994208827
3.33	14.0826062059	0.999994145196
3.34	14.082606164	0.999994086622
3.35	14.0826061242	0.999994033211
3.36	14.0826060865	0.999993985063
3.37	14.082606051	0.999993942266
3.38	14.0826060177	0.999993904886
3.39	14.0826059864	0.999993872977
3.4	14.0826059572	0.999993846578
3.41	14.08260593	0.999993825719
3.42	14.0826059049	0.999993810415
3.43	14.0826058817	0.999993800658
3.44	14.0826058604	0.99999379644
3.45	14.082605841	0.99999379773
3.46	14.0826058235	0.999993804495
3.47	14.0826058077	0.999993816676
3.48	14.0826057937	0.999993834215
3.49	14.0826057813	0.999993857036
3.5	14.0826057705	0.999993885052
3.51	14.0826057613	0.999993917707
3.52	14.0826057537	0.999993956271
3.53	14.0826057474	0.999993998694
3.54	14.0826057425	0.999994046988
3.55	14.0826057389	0.999994099338
3.56	14.0826057365	0.999994156161
3.57	14.0826057353	0.999994217311
3.58	14.0826057352	0.999994282628
3.59	14.0826057361	0.999994351947
3.6	14.082605738	0.999994425102
3.61	14.0826057407	0.999994501915
3.62	14.0826057443	0.999994582206
3.63	14.0826057485	0.999994665786
3.64	14.0826057534	0.999994752473
3.65	14.0826057589	0.999994842069
3.66	14.0826057649	0.999994934378
3.67	14.0826057714	0.999995029198
3.68	14.0826057782	0.999995126335
3.69	14.0826057852	0.999995225581
3.7	14.0826057926	0.999995326728
3.71	14.0826058	0.999995429574
3.72	14.0826058075	0.999995533913
3.73	14.0826058151	0.999995639539
3.74	14.0826058226	0.999995746238
3.75	14.08260583	0.99999585381
3.76	14.0826058372	0.999995960898
3.77	14.0826058442	0.999996070759
3.78	14.0826058509	0.999996178568
3.79	14.0826058572	0.999996288746
3.8	14.0826058631	0.999996397633
3.81	14.0826058686	0.999996506184
3.82	14.0826058735	0.999996614206
3.83	14.0826058779	0.999996721509
3.84	14.0826058817	0.999996827911
3.85	14.0826058849	0.999996933221
3.86	14.0826058874	0.999997037259
3.87	14.0826058891	0.999997139857
3.88	14.0826058901	0.999997240832
3.89	14.0826058903	0.999997340023
3.9	14.0826058897	0.999997437262
3.91	14.0826058882	0.999997532393
3.92	14.0826058859	0.999997625266
3.93	14.0826058827	0.99999771572
3.94	14.0826058785	0.999997803616
3.95	14.0826058735	0.99999788882
3.96	14.0826058675	0.999997971191
3.97	14.0826058605	0.9999980506
3.98	14.0826058527	0.999998126927
3.99	14.0826058438	0.999998200055
4	14.082605834	0.999998269864
4.1	14.0826056858	0.999998765194
4.2	14.0826054633	0.999998852588
4.3	14.0826052056	0.999998528164
4.4	14.0826049579	0.999997854721
4.5	14.0826047573	0.999996959361
4.6	14.082604624	0.99999600771
4.7	14.0826045598	0.999995173018
4.8	14.0826045529	0.999994614988
4.9	14.0826045838	0.999994440411
5	14.0826046323	0.999994695213
5.1	14.0826046814	0.999995350912
5.2	14.0826047201	0.999996314127
5.3	14.0826047437	0.99999743023
5.4	14.082604753	0.999998518839
5.5	14.0826047517	0.999999388097
5.6	14.0826047447	0.999999879716
5.7	14.0826047355	0.999999896572
5.8	14.082604726	0.999999425054
5.9	14.0826047169	0.999998543655
6	14.082604708	0.999997418311
6.1	14.0826046989	0.999996264404
6.2	14.0826046892	0.999995298311
6.3	14.0826046787	0.999994701832
6.4	14.0826046673	0.999994577391
6.5	14.0826046549	0.999994941456
6.6	14.082604642	0.99999571561
6.7	14.0826046289	0.999996736925
6.8	14.082604616	0.999997785307
6.9	14.0826046038	0.999998629533
7	14.0826045926	0.999999080228
7.1	14.0826045828	0.999999032661
7.2	14.0826045752	0.999998488597
7.3	14.0826045702	0.999997555577
7.4	14.0826045683	0.999996425181
7.5	14.0826045694	0.999995333848
7.6	14.0826045731	0.99999451364
7.7	14.0826045781	0.999994143289
7.8	14.0826045833	0.999994310574
7.9	14.0826045877	0.999994994183
8	14.0826045903	0.999996068526
8.1	14.0826045909	0.999997328945
8.2	14.0826045899	0.999998538993
8.3	14.0826045883	0.999999470942
8.4	14.0826045874	0.999999951095
8.5	14.0826045883	0.999999896561
8.6	14.0826045912	0.999999327114
8.7	14.0826045956	0.999998358878
8.8	14.0826046007	0.999997182955
8.9	14.0826046052	0.999996029892
9	14.0826046082	0.999995116875
9.1	14.0826046091	0.999994609664
9.2	14.0826046077	0.999994588625
9.3	14.0826046044	0.999995039165
9.4	14.0826045997	0.999995853505
9.5	14.0826045945	0.999996858375
9.6	14.0826045894	0.999997848286
9.7	14.0826045848	0.999998628896
9.8	14.0826045808	0.999999047183
9.9	14.0826045775	0.999999022319
10	14.0826045748	0.999998561076
