0.01	14.1629848897	0.990274325458
0.02	14.1629811185	0.99020506845
0.03	14.162974833	0.990089387852
0.04	14.1629660335	0.989927369251
0.05	14.1629547206	0.989719132459
0.06	14.1629408952	0.98946483141
0.07	14.1629245583	0.989164654041
0.08	14.1629057111	0.988818822081
0.09	14.1628843549	0.98843580607
0.1	14.1628604913	0.98799124909
0.11	14.162834122	0.987510118525
0.12	14.1628052489	0.986984553758
0.13	14.1627738741	0.986414941818
0.14	14.1627399998	0.985801701814
0.15	14.1627036285	0.985158778446
0.16	14.1626647627	0.98444617217
0.17	14.1626234054	0.983704877536
0.18	14.1625795594	0.982937968539
0.19	14.1625332278	0.982097944409
0.2	14.1624844141	0.981233481367
0.21	14.1624331216	0.980329185898
0.22	14.162379354	0.979385717243
0.23	14.1623231152	0.978403762152
0.24	14.1622644092	0.977384034263
0.25	14.16220324	0.976327273425
0.26	14.1621396121	0.975234245007
0.27	14.1620735299	0.974105739202
0.28	14.1620049981	0.972942570288
0.29	14.1619340216	0.971769999267
0.3	14.1618606053	0.970540720779
0.31	14.1617847544	0.969253573117
0.32	14.1617064743	0.967960349667
0.33	14.1616257703	0.966636868938
0.34	14.1615426482	0.965284073365
0.35	14.1614571138	0.963931195195
0.36	14.161369173	0.962523253456
0.37	14.161278832	0.961059494176
0.38	14.1611860971	0.959599220465
0.39	14.1610909747	0.958114604128
0.4	14.1609934714	0.956606685487
0.41	14.160893594	0.955076518056
0.42	14.1607913494	0.953525167666
0.43	14.1606867446	0.95195371156
0.44	14.160579787	0.950363237468
0.45	14.1604704839	0.948754842683
0.46	14.1603588428	0.947129633207
0.47	14.1602448714	0.945522784565
0.48	14.1601285776	0.943833232023
0.49	14.1600099693	0.94216428748
0.5	14.1598890548	0.940483020768
0.51	14.1597658423	0.938790567663
0.52	14.1596403403	0.937088067211
0.53	14.1595125573	0.935376660824
0.54	14.1593825021	0.933657491452
0.55	14.1592501837	0.931931702687
0.56	14.1591156111	0.930200437901
0.57	14.1589787934	0.928501583747
0.58	14.1588397401	0.926762949362
0.59	14.1586984606	0.92502223926
0.6	14.1585549645	0.923280587691
0.61	14.1584092617	0.921501871738
0.62	14.1582613621	0.919761644978
0.63	14.1581112758	0.918023870421
0.64	14.1579590129	0.916289660334
0.65	14.157804584	0.914560119622
0.66	14.1576479994	0.912836345072
0.67	14.1574892699	0.911119424693
0.68	14.1573284062	0.909410436979
0.69	14.1571654194	0.907747766679
0.7	14.1570003204	0.906057759244
0.71	14.1568331207	0.904378837501
0.72	14.1566638314	0.90271203557
0.73	14.1564924642	0.901058374906
0.74	14.1563190307	0.899382130154
0.75	14.1561435427	0.897757934294
0.76	14.1559660122	0.896149879977
0.77	14.1557864512	0.894558931989
0.78	14.155604872	0.892986039658
0.79	14.155421287	0.891432136364
0.8	14.1552357086	0.889898139077
0.81	14.1550481496	0.888384947854
0.82	14.1548586226	0.886893445449
0.83	14.1546671406	0.885424496873
0.84	14.1544737167	0.883978948981
0.85	14.154278364	0.882557630077
0.86	14.1540810959	0.88116134957
0.87	14.153881926	0.879790897606
0.88	14.1536808676	0.878447044709
0.89	14.1534779347	0.877130541514
0.9	14.1532731411	0.875842118446
0.91	14.1530665008	0.874582485419
0.92	14.1528580279	0.873352331585
0.93	14.1526477368	0.872152325093
0.94	14.1524356418	0.871013321029
0.95	14.1522217574	0.86984532013
0.96	14.1520060984	0.868739550815
0.97	14.1517886795	0.867666386725
0.98	14.1515695157	0.866626387691
0.99	14.151348622	0.86562009135
1	14.1511260136	0.86464801298
1.01	14.1509017059	0.863710645382
1.02	14.1506757143	0.86280845877
1.03	14.1504480543	0.86194190066
1.04	14.1502187417	0.861111395765
1.05	14.1499877923	0.860317345933
1.06	14.1497552219	0.859560130078
1.07	14.1495210468	0.858840104102
1.08	14.1492852831	0.858157600873
1.09	14.1490479471	0.857512930207
1.1	14.1488090552	0.856906378815
1.11	14.148568624	0.85633821031
1.12	14.1483266701	0.855808665212
1.13	14.1480832105	0.855337408605
1.14	14.1478382619	0.854885096629
1.15	14.1475918414	0.854471986102
1.16	14.1473439661	0.854098225732
1.17	14.1470946533	0.853763941288
1.18	14.1468439204	0.853469235643
1.19	14.1465917849	0.853214188864
1.2	14.1463382642	0.852998858286
1.21	14.1460833762	0.852823278579
1.22	14.1458271387	0.852673951863
1.23	14.1455695695	0.852578563038
1.24	14.1453106867	0.852522895951
1.25	14.1450505085	0.852506895348
1.26	14.144789053	0.852530483883
1.27	14.1445263386	0.852593562247
1.28	14.1442623837	0.852696009335
1.29	14.1439972069	0.852837682358
1.3	14.1437308268	0.853018417047
1.31	14.1434632622	0.853238027793
1.32	14.1431945318	0.853496307826
1.33	14.1429246546	0.853793029406
1.34	14.1426536496	0.854127944005
1.35	14.142381536	0.85450078252
1.36	14.1421083329	0.854911255443
1.37	14.1418340596	0.855359053126
1.38	14.1415587355	0.855846544104
1.39	14.1412823801	0.856367322452
1.4	14.1410050129	0.856924381724
1.41	14.1407266535	0.857517334228
1.42	14.1404473216	0.858145773302
1.43	14.140167037	0.858809273565
1.44	14.1398858196	0.859507391164
1.45	14.1396036894	0.860239664135
1.46	14.1393206662	0.861005612594
1.47	14.1390367703	0.861804739102
1.48	14.1387520218	0.862640220725
1.49	14.1384664408	0.863504749289
1.5	14.1381800477	0.864400854165
1.6	14.1352759557	0.874966714622
1.7	14.1323133731	0.887977419747
1.8	14.1293133289	0.902672045221
1.9	14.1262969934	0.918222315898
2	14.1232853996	0.933791741451
2.1	14.1202991458	0.948598820172
2.2	14.1173580904	0.961977135247
2.3	14.1144810523	0.973408296767
2.4	14.1116855282	0.982620366269
2.5	14.1089874394	0.989500428439
2.6	14.1064009161	0.994113174926
2.7	14.1039381277	0.996716224077
2.8	14.101609163	0.997666574171
2.9	14.0994219637	0.997384656287
3	14.0973823096	0.996294967343
3.01	14.0971866179	0.996161735879
3.02	14.0969924423	0.996017316229
3.03	14.0967997852	0.995877489686
3.04	14.0966086487	0.995726775458
3.05	14.0964190346	0.995581777964
3.06	14.0962309447	0.995426213528
3.07	14.0960443804	0.995277413937
3.08	14.095859343	0.995118385762
3.09	14.0956758336	0.994967094592
3.1	14.0954938532	0.994805928264
3.11	14.0953134023	0.994653395046
3.12	14.0951344816	0.994491352657
3.13	14.0949570914	0.994338763614
3.14	14.0947812317	0.994177041552
3.15	14.0946069026	0.994025517699
3.16	14.0944341036	0.993865244809
3.17	14.0942628346	0.993715840331
3.18	14.0940930947	0.993558076432
3.19	14.0939248832	0.993411777505
3.2	14.0937581992	0.993257512254
3.21	14.0935930413	0.993115236138
3.22	14.0934294084	0.992965388249
3.23	14.0932672989	0.992823026552
3.24	14.0931067111	0.992683399521
3.25	14.0929476431	0.992546696973
3.26	14.0927900929	0.99241803441
3.27	14.0926340582	0.992282780487
3.28	14.0924795368	0.99215590216
3.29	14.092326526	0.992032619602
3.3	14.0921750231	0.991913078817
3.31	14.0920250253	0.991797417164
3.32	14.0918765296	0.991685763429
3.33	14.0917295327	0.991578237912
3.34	14.0915840313	0.991474952475
3.35	14.091440022	0.991376010635
3.36	14.0912975009	0.991281507656
3.37	14.0911564645	0.991191530658
3.38	14.0910169086	0.991106158705
3.39	14.0908788293	0.991025462909
3.4	14.0907422221	0.990949506555
3.41	14.0906070829	0.990878345253
3.42	14.0904734069	0.990812027
3.43	14.0903411897	0.990750592359
3.44	14.0902104262	0.990694074584
3.45	14.0900811117	0.990642499761
3.46	14.0899532411	0.990595886952
3.47	14.089826809	0.990554248338
3.48	14.0897018103	0.990517589393
3.49	14.0895782394	0.99048590903
3.5	14.0894560907	0.990459199752
3.51	14.0893353586	0.99044117588
3.52	14.0892160372	0.990420633465
3.53	14.0890981206	0.990412314038
3.54	14.0889816027	0.990401708934
3.55	14.0888664772	0.990399530364
3.56	14.0887527381	0.990402152932
3.57	14.0886403787	0.990409529105
3.58	14.0885293927	0.990421606329
3.59	14.0884197734	0.990438327225
3.6	14.088311514	0.990459629773
3.61	14.0882046078	0.990485447483
3.62	14.0880990479	0.990515709592
3.63	14.0879948272	0.990550341231
3.64	14.0878919386	0.990589263661
3.65	14.0877903749	0.990632394397
3.66	14.0876901289	0.990679647425
3.67	14.087591193	0.990730933401
3.68	14.0874935599	0.990786159814
3.69	14.0873972219	0.990845231176
3.7	14.0873021715	0.990908049212
3.71	14.0872084009	0.990974513055
3.72	14.0871159023	0.991044519404
3.73	14.0870246679	0.991117962723
3.74	14.0869346896	0.991194735411
3.75	14.0868459594	0.991274727995
3.76	14.0867584693	0.991359691429
3.77	14.086672211	0.991443926589
3.78	14.0865871764	0.991534629731
3.79	14.0865033571	0.991624651704
3.8	14.0864207448	0.991719048001
3.81	14.086339331	0.991815977567
3.82	14.0862591073	0.991915322588
3.83	14.0861800651	0.992016964721
3.84	14.0861021958	0.992120785252
3.85	14.0860254908	0.992226665237
3.86	14.0859499413	0.992334485684
3.87	14.0858755387	0.992444127676
3.88	14.0858022741	0.992555472521
3.89	14.0857301387	0.992668401896
3.9	14.0856591235	0.992782797988
3.91	14.0855892198	0.992898543625
3.92	14.0855204184	0.993015522397
3.93	14.0854527104	0.993133618793
3.94	14.0853860867	0.993252718338
3.95	14.0853205383	0.993372707678
3.96	14.0852560561	0.993493474716
3.97	14.0851926308	0.993614908722
3.98	14.0851302534	0.993736900436
3.99	14.0850689147	0.993859342175
4	14.0850086053	0.993982127916
4.1	14.0844600855	0.995207112875
4.2	14.0840042346	0.996365022009
4.3	14.0836316618	0.997388355143
4.4	14.083333062	0.998236597966
4.5	14.0830993484	0.998894169043
4.6	14.0829217673	0.999367930781
4.7	14.0827919968	0.99968132446
4.8	14.0827022287	0.99986644251
4.9	14.082645234	0.999959477978
5	14.0826144112	0.999994076229
5.1	14.0826038199	0.999998193406
5.2	14.0826081982	0.999991734277
5.3	14.082622967	0.999986195246
5.4	14.0826442207	0.999985688533
5.5	14.0826687062	0.999988762209
5.6	14.0826937919	0.999990844137
5.7	14.0827174271	0.999986526251
5.8	14.0827380953	0.999971463764
5.9	14.0827547604	0.999943515207
6	14.0827668096	0.999903542978
6.1	14.0827739938	0.999855021018
6.2	14.0827763669	0.999803045808
6.3	14.0827742261	0.999754231345
6.4	14.0827680544	0.999714241848
6.5	14.0827584662	0.999688168395
6.6	14.0827461575	0.999678788419
6.7	14.0827318618	0.999686708537
6.8	14.0827163106	0.999710332257
6.9	14.0827002019	0.999746262176
7	14.0826841736	0.999789943587
7.1	14.082668784	0.99983642217
7.2	14.0826544982	0.999881082151
7.3	14.0826416801	0.999920250059
7.4	14.0826305899	0.999951582426
7.5	14.0826213863	0.999974196574
7.6	14.0826141317	0.999988548876
7.7	14.0826088021	0.999996107713
7.8	14.0826052977	0.999998901733
7.9	14.0826034566	0.999999040563
8	14.0826030687	0.999998300424
8.1	14.08260389	0.999997844364
8.2	14.0826056571	0.999998118274
8.3	14.0826081002	0.999998913254
8.4	14.0826109555	0.999999554132
8.5	14.0826139762	0.999999181808
8.6	14.0826169405	0.999997033101
8.7	14.0826196593	0.999992664441
8.8	14.08262198	0.999986097202
8.9	14.0826237898	0.999977871203
9	14.0826250156	0.99996890469
9.1	14.0826256233	0.999960359347
9.2	14.0826256143	0.9999533619
9.3	14.0826250222	0.999948859927
9.4	14.0826239073	0.99994744369
9.5	14.082622351	0.999949216843
9.6	14.0826204497	0.999953842857
9.7	14.0826183087	0.999960618766
9.8	14.0826160364	0.999968619792
9.9	14.0826137386	0.999976842315
10	14.0826115138	0.999984390981
