0.01	14.1666326593	0.990633118401
0.02	14.1666273681	0.990546206703
0.03	14.1666185509	0.990401055368
0.04	14.1666062092	0.990197811093
0.05	14.1665903448	0.989936679137
0.06	14.1665709602	0.989617922998
0.07	14.1665480586	0.989241864003
0.08	14.1665216435	0.988808880812
0.09	14.166491719	0.988329990817
0.1	14.1664582898	0.987773939542
0.11	14.1664213612	0.987173019723
0.12	14.1663809388	0.986517250622
0.13	14.1663370291	0.98580728704
0.14	14.1662896388	0.985043836319
0.15	14.1662387752	0.984244942508
0.16	14.1661844462	0.983359559
0.17	14.1661266603	0.98244039977
0.18	14.1660654262	0.981491534812
0.19	14.1660007534	0.980452569028
0.2	14.1659326517	0.979385847586
0.21	14.1658611316	0.978271962425
0.22	14.1657862039	0.977111996762
0.23	14.16570788	0.975907074287
0.24	14.1656261717	0.974658357582
0.25	14.1655410913	0.973367046433
0.26	14.1654526515	0.972034376143
0.27	14.1653608656	0.970661615774
0.28	14.1652657473	0.969250066426
0.29	14.1651673107	0.967831623396
0.3	14.1650655703	0.966347301942
0.31	14.1649605411	0.964796137696
0.32	14.1648522386	0.963243020255
0.33	14.1647406786	0.961658035907
0.34	14.1646258773	0.960042639444
0.35	14.1645078514	0.958433185649
0.36	14.164386618	0.956762030971
0.37	14.1642621944	0.955028800475
0.38	14.1641345987	0.953306657243
0.39	14.1640038488	0.951561624795
0.4	14.1638699636	0.949795244419
0.41	14.1637329618	0.948009065355
0.42	14.1635928629	0.946204642947
0.43	14.1634496865	0.944383536892
0.44	14.1633034526	0.942547309442
0.45	14.1631541816	0.940697523688
0.46	14.1630018941	0.938835741847
0.47	14.1628466112	0.93700409165
0.48	14.1626883542	0.935082424399
0.49	14.1625271447	0.933193993964
0.5	14.1623630047	0.931299774622
0.51	14.1621959565	0.929401299846
0.52	14.1620260225	0.927500092755
0.53	14.1618532257	0.925597664657
0.54	14.161677589	0.923695513709
0.55	14.1614991359	0.921795123525
0.56	14.16131789	0.919897961906
0.57	14.1611338752	0.918047698071
0.58	14.1609471157	0.916161343098
0.59	14.1607576358	0.914282486819
0.6	14.1605654601	0.912412522103
0.61	14.1603706136	0.910510694796
0.62	14.1601731212	0.90866269148
0.63	14.1599730084	0.906827649842
0.64	14.1597703005	0.905006870415
0.65	14.1595650234	0.90320162849
0.66	14.1593572029	0.901413173341
0.67	14.1591468652	0.899642727469
0.68	14.1589340364	0.897891485911
0.69	14.1587187432	0.896201378198
0.7	14.1585010121	0.894491744888
0.71	14.15828087	0.892804708929
0.72	14.1580583437	0.891141350091
0.73	14.1578334605	0.889502717964
0.74	14.1576062476	0.887850638191
0.75	14.1573767324	0.886264858895
0.76	14.1571449425	0.884706788815
0.77	14.1569109055	0.883177352693
0.78	14.1566746492	0.881677443501
0.79	14.1564362015	0.880207922233
0.8	14.1561955905	0.878769617767
0.81	14.1559528443	0.877363326743
0.82	14.1557079912	0.875989813478
0.83	14.1554610594	0.874649809934
0.84	14.1552120773	0.873344015691
0.85	14.1549610736	0.872073097971
0.86	14.1547080766	0.870837691695
0.87	14.1544531152	0.86963839957
0.88	14.1541962179	0.868475792175
0.89	14.1539374136	0.867350408129
0.9	14.1536767312	0.866262754235
0.91	14.1534141994	0.865213305672
0.92	14.1531498471	0.864202506206
0.93	14.1528837035	0.86323076841
0.94	14.1526157974	0.862327265459
0.95	14.152346158	0.861405973818
0.96	14.1520748142	0.860553588642
0.97	14.1518017951	0.85974160899
0.98	14.1515271298	0.858970295709
0.99	14.1512508474	0.858239880229
1	14.1509729771	0.857550564957
1.01	14.1506935479	0.856902523598
1.02	14.150412589	0.85629590157
1.03	14.1501301294	0.855730816368
1.04	14.1498461982	0.855207357964
1.05	14.1495608245	0.854725589227
1.06	14.1492740374	0.854285546317
1.07	14.1489858658	0.853887239125
1.08	14.1486963388	0.853530651685
1.09	14.1484054854	0.853215742614
1.1	14.1481133344	0.85294244556
1.11	14.1478199147	0.852710669627
1.12	14.1475252552	0.852520299829
1.13	14.1472293847	0.852386831293
1.14	14.1469323319	0.852278118327
1.15	14.1466341255	0.852210327137
1.16	14.1463347941	0.852183251314
1.17	14.1460343663	0.85219666262
1.18	14.1457328706	0.852250311461
1.19	14.1454303353	0.852343927352
1.2	14.1451267889	0.852477219358
1.21	14.1448222596	0.852649876549
1.22	14.1445167756	0.852852329933
1.23	14.1442103649	0.853103404999
1.24	14.1439030558	0.853392793443
1.25	14.1435948759	0.853720108712
1.26	14.1432858533	0.854084946579
1.27	14.1429760156	0.854486885603
1.28	14.1426653905	0.854925487572
1.29	14.1423540055	0.855400297975
1.3	14.142041888	0.855910846439
1.31	14.1417290655	0.856456647196
1.32	14.141415565	0.857037199523
1.33	14.1411014138	0.857651988189
1.34	14.1407866388	0.85830048392
1.35	14.1404712668	0.858982143822
1.36	14.1401553247	0.85969641186
1.37	14.1398388391	0.860442719254
1.38	14.1395218364	0.86121918562
1.39	14.1392043431	0.862027215138
1.4	14.1388863854	0.86286551406
1.41	14.1385679895	0.863733467402
1.42	14.1382491812	0.86463044967
1.43	14.1379299865	0.865555825306
1.44	14.1376104311	0.866508949105
1.45	14.1372905405	0.867489166679
1.46	14.1369703402	0.868495814867
1.47	14.1366498554	0.869528222217
1.48	14.1363291113	0.870592632741
1.49	14.1360081329	0.871675023819
1.5	14.135686945	0.87278110406
1.6	14.1324688989	0.884988007176
1.7	14.1292560522	0.898765274633
1.8	14.1260705316	0.913371588298
1.9	14.1229326711	0.928090212814
2	14.1198609328	0.942268759552
2.1	14.1168718589	0.955353698709
2.2	14.1139800503	0.966916828296
2.3	14.1111981695	0.97665797516
2.4	14.1085369624	0.984465868345
2.5	14.1060052985	0.99033046042
2.6	14.1036102239	0.994352529382
2.7	14.1013570268	0.996758691139
2.8	14.0992493123	0.997830906141
2.9	14.097289087	0.997889765099
3	14.0954768502	0.99725373875
3.01	14.0953037425	0.997166809718
3.02	14.0951321051	0.997071087502
3.03	14.0949619361	0.996977511132
3.04	14.0947932336	0.99687531693
3.05	14.0946259956	0.996776185185
3.06	14.0944602199	0.996668628174
3.07	14.0942959043	0.996564996218
3.08	14.0941330464	0.996453147053
3.09	14.0939716435	0.996346031046
3.1	14.093811693	0.996230919703
3.11	14.0936531923	0.996121294874
3.12	14.0934961383	0.996003908702
3.13	14.0933405281	0.995892707553
3.14	14.0931863585	0.995773989552
3.15	14.0930336263	0.99566210036
3.16	14.0928823282	0.995542947693
3.17	14.0927324606	0.995431213142
3.18	14.09258402	0.995312475831
3.19	14.0924370027	0.99520169193
3.2	14.0922914049	0.995084171801
3.21	14.0921472226	0.99497508695
3.22	14.0920044519	0.994859536759
3.23	14.0918630886	0.994749037448
3.24	14.0917231286	0.994639973848
3.25	14.0915845674	0.994532505877
3.26	14.0914474006	0.994430624702
3.27	14.0913116237	0.994322965379
3.28	14.0911772321	0.994221181548
3.29	14.091044221	0.994121570733
3.3	14.0909125856	0.994024261718
3.31	14.0907823209	0.993929377061
3.32	14.090653422	0.99383703315
3.33	14.0905258837	0.9937473402
3.34	14.0903997008	0.993660402296
3.35	14.0902748681	0.993576317436
3.36	14.0901513801	0.993495177558
3.37	14.0900292313	0.993417068593
3.38	14.0899084162	0.993342070509
3.39	14.0897889292	0.993270257391
3.4	14.0896707644	0.99320169747
3.41	14.0895539162	0.993136453203
3.42	14.0894383785	0.993074581337
3.43	14.0893241454	0.993016132994
3.44	14.0892112109	0.992961153746
3.45	14.0890995688	0.992909683673
3.46	14.0889892129	0.992861757479
3.47	14.0888801369	0.992817404565
3.48	14.0887723345	0.99277664912
3.49	14.0886657991	0.992739510233
3.5	14.0885605244	0.992706001967
3.51	14.0884565037	0.992679297777
3.52	14.0883537304	0.992649909116
3.53	14.0882521978	0.9926303934
3.54	14.0881518991	0.992608386838
3.55	14.0880528274	0.992593074569
3.56	14.0879549759	0.992581377987
3.57	14.0878583376	0.992573279082
3.58	14.0877629055	0.992568755728
3.59	14.0876686724	0.992567781787
3.6	14.0875756312	0.992570327268
3.61	14.0874837748	0.99257635841
3.62	14.0873930959	0.992585837833
3.63	14.0873035871	0.992598724659
3.64	14.0872152412	0.992614974641
3.65	14.0871280506	0.992634540295
3.66	14.087042008	0.992657371029
3.67	14.0869571058	0.992683413263
3.68	14.0868733365	0.992712610591
3.69	14.0867906924	0.992744903884
3.7	14.0867091659	0.992780231443
3.71	14.0866287494	0.992818529104
3.72	14.0865494351	0.992859730405
3.73	14.0864712152	0.9929037667
3.74	14.086394082	0.992950567291
3.75	14.0863180275	0.993000059548
3.76	14.0862430439	0.993053955319
3.77	14.0861691233	0.993106819843
3.78	14.0860962577	0.993165610812
3.79	14.0860244391	0.99322343328
3.8	14.0859536596	0.993285236728
3.81	14.0858839111	0.993349263186
3.82	14.0858151854	0.99341543024
3.83	14.0857474746	0.993483654585
3.84	14.0856807705	0.993553852128
3.85	14.085615065	0.993625938149
3.86	14.0855503498	0.993699827386
3.87	14.0854866168	0.993775434134
3.88	14.0854238577	0.993852672416
3.89	14.0853620645	0.993931456057
3.9	14.0853012287	0.994011698791
3.91	14.0852413421	0.994093314397
3.92	14.0851823965	0.994176216764
3.93	14.0851243836	0.994260320039
3.94	14.085067295	0.994345538699
3.95	14.0850111224	0.994431787664
3.96	14.0849558576	0.994518982368
3.97	14.0849014921	0.994607038884
3.98	14.0848480177	0.994695873994
3.99	14.084795426	0.994785405279
4	14.0847437086	0.994875551212
4.1	14.084272784	0.995793998214
4.2	14.0838801136	0.996692861947
4.3	14.0835574465	0.997515947208
4.4	14.0832967292	0.998224835741
4.5	14.0830902016	0.998800287557
4.6	14.0829304785	0.999239894233
4.7	14.0828106193	0.999554725787
4.8	14.0827241813	0.999763658759
4.9	14.0826652605	0.999890391611
5	14.082628517	0.999958419319
5.1	14.0826091876	0.999988863717
5.2	14.0826030857	0.99999842421
5.3	14.0826065902	0.999998705632
5.4	14.0826166248	0.999996455391
5.5	14.0826306286	0.999994383075
5.6	14.0826465207	0.99999236175
5.7	14.0826626597	0.999988707722
5.8	14.0826777999	0.99998134973
5.9	14.0826910454	0.999968627834
6	14.082701804	0.999949981633
6.1	14.0827097415	0.999926036273
6.2	14.0827147374	0.999898331817
6.3	14.0827168433	0.999869535003
6.4	14.082716244	0.99984221975
6.5	14.0827132222	0.999819270692
6.6	14.0827081268	0.999802838796
6.7	14.0827013458	0.999794371826
6.8	14.0826932818	0.999794415314
6.9	14.0826843335	0.999802613524
7	14.0826748794	0.999817833445
7.1	14.0826652662	0.999838378848
7.2	14.0826557999	0.999862249658
7.3	14.0826467402	0.99988740249
7.4	14.0826382981	0.999911977263
7.5	14.0826306346	0.999934466883
7.6	14.0826238627	0.999953818679
7.7	14.0826180501	0.999969467001
7.8	14.0826132233	0.999981304146
7.9	14.0826093724	0.999989602323
8	14.0826064572	0.999994903468
8.1	14.0826044123	0.999997894125
8.2	14.0826031534	0.999999290459
8.3	14.0826025825	0.999999727171
8.4	14.082602593	0.999999693615
8.5	14.0826030747	0.999999497448
8.6	14.0826039175	0.999999264588
8.7	14.0826050154	0.999998969777
8.8	14.0826062689	0.999998485262
8.9	14.0826075878	0.999997641876
9	14.0826088926	0.999996284902
9.1	14.0826101159	0.999994326881
9.2	14.082611203	0.999991766923
9.3	14.0826121119	0.99998871412
9.4	14.082612813	0.999985387798
9.5	14.0826132888	0.999982062958
9.6	14.0826135327	0.999979053069
9.7	14.0826135478	0.99997663777
9.8	14.0826133459	0.999975053377
9.9	14.082612946	0.999974457083
10	14.0826123726	0.999974889331
