Tf	wirrc_sta	wirrc_tra	fidc_sta	fidc_tra	wirre_sta	wirre_tra	fide_sta	fide_tra
0.01	5007592.5808	803.81921	0.0017008897912	0.99027432546	8384679.5914	672.2416144	0.00060294851818	0.9906331184
0.02	5360996.371	803.781498	0.011921667652	0.99020506845	4932776.3595	672.1992848	0.096234061143	0.9905462067
0.03	2619591.019	803.718643	0.048216711567	0.99008938785	2777725.406	672.1287472	0.33431239691	0.99040105537
0.04	505708.46184	803.630648	0.57521642266	0.98992736925	1278896.8126	672.0300136	0.64918030567	0.99019781109
0.05	1508.153324	803.517519	0.9774610624	0.98971913246	453246.40868	671.9030984	0.84441689606	0.98993667914
0.06	1069.123347	803.379265	0.98349272625	0.98946483141	7772.7760538	671.7480216	0.97465227073	0.989617923
0.07	821.900048	803.215896	0.98718858891	0.98916465404	1604.8331314	671.5648088	0.98213219855	0.989241864
0.08	660.839383	803.027424	0.98961456639	0.98881882208	1176.5303234	671.353488	0.98646508572	0.98880888081
0.09	549.756363	802.813862	0.99129726572	0.98843580607	895.6169866	671.114092	0.98942379723	0.98832999082
0.1	469.869198	802.575226	0.99250304306	0.98799124909	702.6266162	670.8466584	0.99154511488	0.98777393954
0.11	410.170577	802.311533	0.99340577816	0.98751011853	565.1571402	670.5512296	0.99309328394	0.98717301972
0.12	364.256732	802.022802	0.99409837797	0.98698455376	464.4544234	670.2278504	0.99425606501	0.98651725062
0.13	328.043951	801.709054	0.99464262163	0.98641494182	388.9197626	669.8765728	0.99514682377	0.98580728704
0.14	298.856194	801.370311	0.99507921677	0.98580170181	331.1173274	669.4974504	0.99584040585	0.98504383632
0.15	274.870169	801.006598	0.99543701136	0.98515877845	286.1092202	669.0905416	0.99638564504	0.98424494251
0.16	254.857879	800.61794	0.99573189452	0.98444617217	250.5491146	668.6559096	0.99682475057	0.983359559
0.17	237.885488	800.204367	0.99598119172	0.98370487754	222.0623802	668.1936224	0.99717682228	0.98244039977
0.18	223.302701	799.765907	0.99619466114	0.98293796854	198.9692522	667.7037496	0.99746148228	0.98149153481
0.19	210.640301	799.302591	0.99637746737	0.98209794441	180.0515666	667.1863672	0.99769653783	0.98045256903
0.2	199.513552	798.814454	0.99653767711	0.98123348137	164.3926106	666.6415536	0.99788872671	0.97938584759
0.21	189.64698	798.301529	0.99667887162	0.9803291859	151.3121986	666.0693928	0.9980474613	0.97827196243
0.22	180.822206	797.763853	0.99680444815	0.97938571724	140.2900666	665.4699712	0.99817907341	0.97711199676
0.23	172.8676	797.201465	0.99691707827	0.97840376215	130.9251378	664.84338	0.99828855113	0.97590707429
0.24	165.646748	796.614405	0.99701888529	0.97738403426	122.9048786	664.1897136	0.99837986534	0.97465835758
0.25	159.050086	796.002713	0.99711157331	0.97632727343	115.9833794	663.5090704	0.99845620703	0.97336704643
0.26	152.98877	795.366434	0.99719652217	0.97523424501	109.9654394	662.801552	0.99852016224	0.97203437614
0.27	147.390104	794.705612	0.99727485829	0.9741057392	104.6948698	662.0672648	0.99857384261	0.97066161577
0.28	142.194106	794.020294	0.99734750827	0.97294257029	100.0457834	661.3063184	0.99861898409	0.96925006643
0.29	137.349801	793.310529	0.99741556131	0.97176999927	95.9156002	660.5188256	0.99865684328	0.9678316234
0.3	132.817711	792.576366	0.99747899296	0.97054072078	92.2218954	659.7049024	0.99868901015	0.96634730194
0.31	128.562224	791.817857	0.99753840195	0.96925357312	88.8961258	658.8646688	0.99871636556	0.9647961377
0.32	124.551586	791.035056	0.99759482236	0.96796034967	85.8811042	657.9982488	0.99873950288	0.96324302025
0.33	120.761204	790.228016	0.99764833685	0.96663686894	83.1304938	657.1057688	0.99875926523	0.96165803591
0.34	117.169108	789.396795	0.99769927234	0.96528407336	80.6054114	656.1873584	0.99877624523	0.96004263944
0.35	113.755751	788.541451	0.99774812676	0.9639311952	78.2731418	655.2431512	0.99879093304	0.95843318565
0.36	110.505846	787.662043	0.99779469124	0.96252325346	76.1070258	654.273284	0.9988037902	0.95676203097
0.37	107.404853	786.758633	0.9978392139	0.96105949418	74.084161	653.2778952	0.99881512634	0.95502880048
0.38	104.439185	785.831284	0.99788227032	0.95959922047	72.1848514	652.2571296	0.99882527358	0.95330665724
0.39	101.598261	784.88006	0.99792381251	0.95811460413	70.3930826	651.2111304	0.99883448372	0.95156162479
0.4	98.87227	783.905027	0.99796397712	0.95660668549	68.6951034	650.1400488	0.99884297465	0.94979524442
0.41	96.252506	782.906253	0.9980028838	0.95507651806	67.0792554	649.0440344	0.99885093049	0.94800906535
0.42	93.731216	781.883807	0.9980406376	0.95352516767	65.5356346	647.9232432	0.99885850631	0.94620464295
0.43	91.301467	780.837759	0.99807733112	0.95195371156	64.0558154	646.777832	0.99886583235	0.94438353689
0.44	88.957046	779.768183	0.99811304619	0.95036323747	62.632621	645.6079608	0.9988730175	0.94254730944
0.45	86.692363	778.675152	0.99814785528	0.94875484268	61.259929	644.4137928	0.99888015228	0.94069752369
0.46	84.502376	777.558741	0.99818182276	0.94712963321	59.9325098	643.1954928	0.99888731142	0.93883574185
0.47	82.382324	776.419027	0.99821510501	0.94552278457	58.6457882	641.9532296	0.99889463373	0.93700409165
0.48	80.328667	775.256089	0.99824745604	0.94383323202	57.3962562	640.6871736	0.99890193551	0.9350824244
0.49	78.337046	774.070006	0.99827921882	0.94216428748	56.1803178	639.3974976	0.99890948913	0.93319399396
0.5	76.40423	772.860861	0.99831033534	0.94048302077	54.9952682	638.0843776	0.99891724755	0.93129977462
0.51	74.527086	771.628736	0.9983408425	0.93879056766	53.8386938	636.747992	0.9989252339	0.92940129985
0.52	72.702747	770.373716	0.99837077352	0.93708806721	52.7085226	635.38852	0.99893346495	0.92750009276
0.53	70.92858	769.095886	0.99840015837	0.93537666082	51.6029698	634.0061456	0.99894195202	0.92559766466
0.54	69.202166	767.795334	0.99842902415	0.93365749145	50.5204986	632.601052	0.99895070173	0.92369551371
0.55	67.521277	766.47215	0.99845739541	0.93193170269	49.4597834	631.1734272	0.99895971674	0.92179512353
0.56	65.883856	765.126424	0.99848529439	0.9302004379	48.4196786	629.72346	0.99896899632	0.91989796191
0.57	64.287909	763.758247	0.99851278685	0.92850158375	47.3991386	628.2513416	0.99897860739	0.91804769807
0.58	62.731869	762.367714	0.99853979618	0.92676294936	46.3974138	626.7572656	0.9989884014	0.9161613431
0.59	61.214003	760.954919	0.99856638885	0.92502223926	45.4136994	625.2414264	0.99899844258	0.91428248682
0.6	59.732795	759.519958	0.99859258014	0.92328058769	44.447341	623.7040208	0.99900872144	0.9124125221
0.61	58.286903	758.06293	0.99861835304	0.92150187174	43.4978106	622.1452488	0.99901916385	0.9105106948
0.62	56.874869	756.583934	0.99864378545	0.91976164498	42.5645186	620.5653096	0.99902988641	0.90866269148
0.63	55.495539	755.083071	0.99866885475	0.91802387042	41.647069	618.9644072	0.99904081129	0.90682764984
0.64	54.147769	753.560442	0.99869357169	0.91628966033	40.7450666	617.342744	0.99905192519	0.90500687042
0.65	52.830484	752.016153	0.99871794607	0.91456011962	39.8581634	615.7005272	0.99906321432	0.90320162849
0.66	51.542682	750.450307	0.99874198694	0.91283634507	38.986045	614.0379632	0.99907466462	0.90141317334
0.67	50.283417	748.863012	0.99876570258	0.91111942469	38.1284282	612.3552616	0.99908626186	0.89964272747
0.68	49.051806	747.254375	0.99878910059	0.90941043698	37.285057	610.6526312	0.99909799179	0.89789148591
0.69	47.846975	745.624507	0.99881219787	0.90774776668	36.4556706	608.9302856	0.99910989	0.8962013782
0.7	46.668223	743.973517	0.998834979	0.90605775924	35.6401042	607.1884368	0.99912184116	0.89449174489
0.71	45.514767	742.30152	0.99885746192	0.9043788375	34.838129	605.4273	0.99913388271	0.89280470893
0.72	44.385909	740.608627	0.99887965202	0.90271203557	34.0495586	603.6470896	0.99914600096	0.89114135009
0.73	43.280991	738.894955	0.99890155428	0.90105837491	33.274217	601.848024	0.99915818251	0.88950271796
0.74	42.199417	737.16062	0.99892317236	0.89938213015	32.5119514	600.0303208	0.99917037088	0.88785063819
0.75	41.140537	735.40574	0.99894451362	0.89775793429	31.7625698	598.1941992	0.99918264124	0.88626485889
0.76	40.103822	733.630435	0.99896557944	0.89614987998	31.0259354	596.33988	0.99919493672	0.88470678881
0.77	39.088741	731.834825	0.99898637327	0.89455893199	30.3019018	594.467584	0.99920724543	0.88317735269
0.78	38.094787	730.019033	0.99900689826	0.89298603966	29.5903242	592.5775336	0.99921955591	0.8816774435
0.79	37.121481	728.183183	0.99902715732	0.89143213636	28.891065	590.669952	0.99923185713	0.88020792223
0.8	36.168365	726.327399	0.99904715303	0.88989813908	28.2039874	588.745064	0.99924413854	0.87876961777
0.81	35.235003	724.451809	0.99906688777	0.88838494785	27.528957	586.8030944	0.99925639003	0.87736332674
0.82	34.320979	722.556539	0.99908636365	0.88689344545	26.8658442	584.8442696	0.99926860195	0.87598981348
0.83	33.425894	720.641719	0.99910558263	0.88542449687	26.2145178	582.8688152	0.99928076514	0.87464980993
0.84	32.549369	718.70748	0.9991245464	0.88397894898	25.5748514	580.8769584	0.99929287089	0.87334401569
0.85	31.69104	716.753953	0.99914325649	0.88255763008	24.9467178	578.8689288	0.99930491094	0.87207309797
0.86	30.850556	714.781272	0.99916171424	0.88116134957	24.3299922	576.8449528	0.99931687749	0.8708376917
0.87	30.027584	712.789573	0.99917992088	0.87979089761	23.7245498	574.8052616	0.9993287632	0.86963839957
0.88	29.221801	710.778989	0.99919787744	0.87844704471	23.1302682	572.7500832	0.9993405612	0.86847579218
0.89	28.432899	708.74966	0.99921558482	0.87713054151	22.5470242	570.6796488	0.99935226501	0.86735040813
0.9	27.660579	706.701724	0.99923304384	0.87584211845	21.974697	568.5941896	0.9993638686	0.86626275423
0.91	26.904554	704.635321	0.99925025517	0.87458248542	21.4131642	566.4939352	0.99937536637	0.86521330567
0.92	26.164548	702.550592	0.99926721946	0.87335233159	20.8623066	564.3791168	0.99938675309	0.86420250621
0.93	25.440292	700.447681	0.99928393721	0.87215232509	20.322005	562.249968	0.999398024	0.86323076841
0.94	24.731522	698.326731	0.99930039396	0.87101332103	19.7921362	560.1067192	0.99940920714	0.86232726546
0.95	24.038003	696.187887	0.99931663476	0.86984532013	19.2725914	557.949604	0.99942020111	0.86140597382
0.96	23.359475	694.031297	0.99933261522	0.86873955081	18.7632434	555.7788536	0.99943109962	0.86055358864
0.97	22.695708	691.857108	0.99934835046	0.86766638672	18.2639786	553.5947008	0.9994418669	0.85974160899
0.98	22.046472	689.66547	0.99936384069	0.86662638769	17.7746786	551.3973784	0.99945250003	0.85897029571
0.99	21.411544	687.456533	0.99937908606	0.86562009135	17.295229	549.1871192	0.99946299639	0.85823988023
1	20.790705	685.230449	0.99939408673	0.86464801298	16.8255138	546.9641568	0.99947335372	0.85755056496
1.01	20.183745	682.987372	0.99940884286	0.86371064538	16.365417	544.7287232	0.99948357007	0.8569025236
1.02	19.590455	680.727456	0.99942335462	0.86280845877	15.914825	542.481052	0.99949364379	0.85629590157
1.03	19.010633	678.450856	0.99943762225	0.86194190066	15.4736234	540.2213752	0.99950357352	0.85573081637
1.04	18.44408	676.15773	0.99945164598	0.86111139576	15.0416986	537.9499256	0.9995133582	0.85520735796
1.05	17.890601	673.848236	0.9994654261	0.86031734593	14.6189386	535.666936	0.99952299704	0.85472558923
1.06	17.350004	671.522532	0.99947896295	0.85956013008	14.2052306	533.3726392	0.99953248948	0.85428554632
1.07	16.8221	669.180781	0.99949225687	0.8588401041	13.8004618	531.0672664	0.99954183523	0.85388723912
1.08	16.306704	666.823144	0.99950530827	0.85815760087	13.4045218	528.7510504	0.99955103424	0.85353065168
1.09	15.803633	664.449784	0.99951811755	0.85751293021	13.0172994	526.4242232	0.99956008666	0.85321574261
1.1	15.312706	662.060865	0.99953068512	0.85690637881	12.6386834	524.0870152	0.9995689929	0.85294244556
1.11	14.833744	659.656553	0.9995430115	0.85633821031	12.2685642	521.7396576	0.99957775358	0.85271066963
1.12	14.366572	657.237014	0.99955509721	0.85580866521	11.9068306	519.3823816	0.9995863695	0.85252029983
1.13	13.911015	654.802418	0.99956693126	0.8553374086	11.5533738	517.0154176	0.99959487231	0.85238683129
1.14	13.466899	652.352932	0.99957853806	0.85488509663	11.2080834	514.6389952	0.99960320186	0.85227811833
1.15	13.034055	649.888727	0.99958990639	0.8544719861	10.8708514	512.253344	0.99961139035	0.85221032714
1.16	12.612312	647.409974	0.99960103723	0.85409822573	10.5415682	509.8586928	0.9996194394	0.85218325131
1.17	12.2015	644.916846	0.99961193182	0.85376394129	10.2201258	507.4552704	0.99962735078	0.85219666262
1.18	11.801452	642.409517	0.99962259146	0.85346923564	9.9064146	505.0433048	0.99963512646	0.85225031146
1.19	11.412	639.888162	0.99963301769	0.85321418886	9.6003274	502.6230224	0.99964276852	0.85234392735
1.2	11.032976	637.352955	0.99964321228	0.85299885829	9.3017562	500.1946512	0.99965027917	0.85247721936
1.21	10.664214	634.804075	0.99965317705	0.85282327858	9.0105922	497.7584168	0.99965766073	0.85264987655
1.22	10.305545	632.2417	0.99966292112	0.85267395186	8.7267282	495.3145448	0.99966488759	0.85285232993
1.23	9.956803	629.666008	0.99967243202	0.85257856304	8.450057	492.8632592	0.99967201868	0.853103405
1.24	9.617822	627.07718	0.99968171954	0.85252289595	8.1804706	490.4047864	0.9996790281	0.85339279344
1.25	9.288432	624.475398	0.99969078598	0.85250689535	7.917861	487.9393472	0.99968591844	0.85372010871
1.26	8.968467	621.860843	0.99969963371	0.85253048388	7.6621202	485.4671664	0.99969269231	0.85408494658
1.27	8.657758	619.233699	0.99970826505	0.85259356225	7.4131394	482.9884648	0.99969935234	0.8544868856
1.28	8.356139	616.59415	0.99971668239	0.85269600934	7.1708122	480.503464	0.99970590123	0.85492548757
1.29	8.06344	613.942382	0.99972488806	0.85283768236	6.9350282	478.012384	0.99971234171	0.85540029797
1.3	7.779495	611.278581	0.99973288449	0.85301841705	6.7056794	475.515444	0.99971867658	0.85591084644
1.31	7.504136	608.602935	0.99974067412	0.85323802779	6.482657	473.012864	0.99972490871	0.8564566472
1.32	7.237194	605.915631	0.99974825945	0.85349630783	6.2658506	470.50486	0.99973104108	0.85703719952
1.33	6.978501	603.216859	0.99975564311	0.85379302941	6.0551522	467.9916504	0.99973707679	0.85765198819
1.34	6.727891	600.506809	0.9997628279	0.85412794401	5.8504506	465.4734504	0.99974301909	0.85830048392
1.35	6.485196	597.785673	0.99976981681	0.85450078252	5.6516354	462.9504744	0.99974887138	0.85898214382
1.36	6.250248	595.053642	0.99977661311	0.85491125544	5.4585978	460.4229376	0.99975463725	0.85969641186
1.37	6.02288	592.310909	0.99978322034	0.85535905313	5.2712266	457.8910528	0.99976032047	0.86044271925
1.38	5.802925	589.557668	0.99978964355	0.8558465441	5.0894114	455.3550312	0.99976594282	0.86121918562
1.39	5.590215	586.794114	0.99979588509	0.85636732245	4.9130418	452.8150848	0.99977147196	0.86202721514
1.4	5.384584	584.020442	0.99980195032	0.85692438172	4.7420066	450.2714232	0.99977693092	0.86286551406
1.41	5.185863	581.236848	0.99980784424	0.85751733423	4.576197	447.724256	0.99978232421	0.8637334674
1.42	4.993888	578.443529	0.99981357227	0.8581457733	4.415501	445.1737896	0.99978765648	0.86463044967
1.43	4.80849	575.640683	0.99981914014	0.85880927357	4.2598106	442.620232	0.9997929325	0.86555582531
1.44	4.629504	572.828509	0.99982455395	0.85950739116	4.1090154	440.0637888	0.99979815706	0.8665089491
1.45	4.456763	570.007207	0.99982982002	0.86023966413	3.9630066	437.504664	0.99980333494	0.86748916668
1.46	4.290103	567.176975	0.99983494493	0.86100561259	3.8216754	434.9430616	0.99980847087	0.86849581487
1.47	4.129358	564.338016	0.99983993537	0.8618047391	3.6849138	432.3791832	0.99981356941	0.86952822222
1.48	3.974364	561.490531	0.99984479461	0.86264022073	3.552613	429.8132304	0.99981862822	0.87059263274
1.49	3.824958	558.634721	0.99984953642	0.86350474929	3.4246682	427.2454032	0.99982366611	0.87167502382
1.5	3.680978	555.77079	0.99985416394	0.86440085417	3.3009722	424.6759	0.99982867875	0.87278110406
1.6	2.505092	526.72987	0.99989536053	0.87496671462	2.2748738	398.9315312	0.99987781639	0.88498800718
1.7	1.708656	497.104044	0.99992884368	0.88797741975	1.5634594	373.2287576	0.9999235743	0.89876527463
1.8	1.173204	467.103602	0.9999522747	0.90267204522	1.0789626	347.7445928	0.99995911024	0.9133715883
1.9	0.81398500001	436.940247	0.99996217786	0.9182223159	0.75079620001	322.6417088	0.99997786123	0.92809021281
2	0.57334700001	406.824309	0.99996019008	0.93379174145	0.527265	298.0678024	0.9999806418	0.94226875955
2.1	0.411972	376.961771	0.99995394551	0.94859882017	0.3734066	274.1552112	0.99997582149	0.95535369871
2.2	0.302685	347.551217	0.99995207159	0.96197713525	0.2667306	251.0207424	0.99997297468	0.9669168283
2.3	0.22704600001	318.780836	0.99995820017	0.97340829677	0.19261540001	228.765696	0.99997634217	0.97665797516
2.4	0.173236	290.825595	0.99996974552	0.98262036627	0.1409682	207.4760392	0.9999838591	0.98446586835
2.5	0.13408200001	263.844707	0.99998168559	0.98950042844	0.1046218	187.222728	0.99999116935	0.99033046042
2.6	0.105201	237.979474	0.99999052271	0.99411317493	0.078560200006	168.0621312	0.99999558903	0.99435252938
2.7	0.083596000007	213.35159	0.99999555474	0.99671622408	0.059297800003	150.0365544	0.99999719582	0.99675869114
2.8	0.066923000013	190.061943	0.99999771785	0.99766657417	0.044428999995	133.1748384	0.99999746233	0.99783090614
2.9	0.053392000012	168.18995	0.9999981366	0.99738465629	0.032424199997	117.493036	0.99999759085	0.9978897651
3	0.041900000003	147.793409	0.99999756123	0.99629496734	0.022532200003	102.9951416	0.99999792989	0.99725373875
3.01	0.040843000004	145.836492	0.99999747045	0.99616173588	0.021650600001	101.61028	0.99999796981	0.99716680972
3.02	0.039802000007	143.894736	0.99999737277	0.99601731623	0.0207882	100.2371808	0.99999800955	0.9970710875
3.03	0.038777000011	141.968165	0.99999727341	0.99587748969	0.019945800002	98.8758288	0.99999804879	0.99697751113
3.04	0.037766999998	140.0568	0.99999716785	0.99572677546	0.019123400005	97.5262088	0.99999808722	0.99687531693
3.05	0.036774000005	138.160659	0.99999706152	0.99558177796	0.018320999995	96.1883048	0.99999812443	0.99677618518
3.06	0.035798000013	136.27976	0.9999969497	0.99542621353	0.017539400002	94.8620992	0.99999816023	0.99666862817
3.07	0.034837000005	134.414117	0.99999683797	0.99527741394	0.016777799995	93.5475744	0.99999819415	0.99656499622
3.08	0.033893999998	132.563743	0.99999672148	0.99511838576	0.016037800005	92.2447112	0.99999822604	0.99645314705
3.09	0.03296700001	130.728649	0.99999660586	0.99496709459	0.015318600003	90.953488	0.99999825547	0.99634603105
3.1	0.032058000006	128.908845	0.99999648623	0.99480592826	0.014621000002	89.673884	0.99999828231	0.9962309197
3.11	0.031166000003	127.104336	0.99999636824	0.99465339505	0.013945000003	88.4058784	0.9999983062	0.99612129487
3.12	0.030292000002	125.315129	0.99999624696	0.99449135266	0.013290600005	87.1494464	0.99999832697	0.9960039087
3.13	0.029436000002	123.541227	0.99999612804	0.99433876361	0.012658599996	85.9045648	0.99999834439	0.99589270755
3.14	0.028598000004	121.78263	0.99999600658	0.99417704155	0.012049000002	84.671208	0.99999835822	0.99577398955
3.15	0.027779000007	120.039339	0.99999588813	0.9940255177	0.011461799996	83.4493504	0.99999836844	0.99566210036
3.16	0.026978000012	118.311349	0.99999576788	0.99386524481	0.010897800006	82.2389656	0.99999837465	0.99554294769
3.17	0.026197	116.598659	0.99999565124	0.99371584033	0.010356200004	81.0400248	0.99999837706	0.99543121314
3.18	0.025436000008	114.90126	0.99999553355	0.99355807643	0.0098378000039	79.8525	0.99999837516	0.99531247583
3.19	0.024695	113.219145	0.99999542002	0.9934117775	0.0093434000056	78.6763616	0.99999836939	0.99520169193
3.2	0.023973000012	111.552305	0.99999530614	0.99325751225	0.008872199995	77.5115792	0.99999835904	0.9950841718
3.21	0.023272000007	109.900726	0.99999519692	0.99311523614	0.0084242000006	76.3581208	0.99999834487	0.99497508695
3.22	0.022592000004	108.264397	0.99999508806	0.99296538825	0.0080001999939	75.2159552	0.99999832596	0.99485953676
3.23	0.021933000003	106.643302	0.99999498322	0.99282302655	0.0075994000034	74.0850488	0.99999830305	0.99474903745
3.24	0.021295000003	105.037424	0.99999488153	0.99268339952	0.0072226000007	72.9653688	0.99999827594	0.99463997385
3.25	0.020679000006	103.446744	0.99999478324	0.99254669697	0.0068689999998	71.8568792	0.99999824467	0.99453250588
3.26	0.02008400001	101.871242	0.99999468953	0.99241803441	0.006539400001	70.7595448	0.99999820974	0.9944306247
3.27	0.019510999998	100.310895	0.99999459782	0.99228278049	0.006233000004	69.6733296	0.99999817002	0.99432296538
3.28	0.018959000005	98.765681	0.99999451112	0.99215590216	0.0059497999948	68.5981968	0.99999812685	0.99422118155
3.29	0.018429999997	97.235573	0.99999442869	0.9920326196	0.0056898000017	67.534108	0.99999807996	0.99412157073
3.3	0.017922000008	95.720544	0.99999435072	0.99191307882	0.0054529999964	66.4810248	0.9999980295	0.99402426172
3.31	0.017437000004	94.220566	0.99999427738	0.99179741716	0.0052385999928	65.4389072	0.99999797563	0.99392937706
3.32	0.016973000001	92.735609	0.99999420883	0.99168576343	0.0050466000054	64.407716	0.99999791855	0.99383703315
3.33	0.016531	91.26564	0.9999941452	0.99157823791	0.0048770000055	63.3874096	0.99999785845	0.9937473402
3.34	0.016112000001	89.810626	0.99999408662	0.99147495247	0.0047289999933	62.3779464	0.99999779554	0.9936604023
3.35	0.015714000003	88.370533	0.99999403321	0.99137601064	0.004602599997	61.3792848	0.99999773004	0.99357631744
3.36	0.015337000008	86.945322	0.99999398506	0.99128150766	0.0044970000025	60.3913808	0.9999976622	0.99349517756
3.37	0.014982000014	85.534958	0.99999394227	0.99119153066	0.0044121999955	59.4141904	0.99999759225	0.99341706859
3.38	0.014649000004	84.139399	0.99999390489	0.9911061587	0.0043474000044	58.4476696	0.99999752044	0.99334207051
3.39	0.014336000014	82.758606	0.99999387298	0.99102546291	0.0043018000006	57.4917736	0.99999744704	0.99327025739
3.4	0.014044000007	81.392534	0.99999384658	0.99094950656	0.0042761999985	56.5464552	0.99999737231	0.99320169747
3.41	0.013772000003	80.041142	0.99999382572	0.99087834525	0.0042681999978	55.6116696	0.99999729653	0.9931364532
3.42	0.013521	78.704382	0.99999381042	0.990812027	0.0042785999987	54.687368	0.99999721997	0.99307458134
3.43	0.013288999998	77.38221	0.99999380066	0.99075059236	0.0043058000009	53.7735032	0.9999971429	0.99301613299
3.44	0.013075999998	76.074575	0.99999379644	0.99069407458	0.0043498000045	52.8700272	0.99999706562	0.99296115375
3.45	0.012882	74.78143	0.99999379773	0.99064249976	0.0044097999953	51.9768904	0.99999698839	0.99290968367
3.46	0.012707000003	73.502724	0.99999380449	0.99059588695	0.0044850000015	51.0940432	0.9999969115	0.99286175748
3.47	0.012549000008	72.238403	0.99999381668	0.99055424834	0.0045745999947	50.2214352	0.99999683523	0.99281740457
3.48	0.012409000014	70.988416	0.99999383421	0.99051758939	0.0046786000033	49.359016	0.99999675985	0.99277664912
3.49	0.012285000004	69.752707	0.99999385704	0.99048590903	0.0047945999987	48.5067328	0.99999668564	0.99273951023
3.5	0.012177000013	68.53122	0.99999388505	0.99045919975	0.0049241999952	47.6645352	0.99999661285	0.99270600197
3.51	0.012085000005	67.323899	0.99999391771	0.99044117588	0.0050642000068	46.8323696	0.9999965425	0.99267929778
3.52	0.012008999999	66.130685	0.99999395627	0.99042063346	0.0052162000052	46.0101832	0.99999647262	0.99264990912
3.53	0.011946000011	64.951519	0.99999399869	0.99041231404	0.0053770000043	45.1979224	0.99999640637	0.9926303934
3.54	0.011897000007	63.78634	0.99999404699	0.99040170893	0.0055474000042	44.3955328	0.99999634115	0.99260838684
3.55	0.011861000004	62.635085	0.99999409934	0.99039953036	0.0057266000048	43.6029592	0.9999962793	0.99259307457
3.56	0.011837000002	61.497694	0.99999415616	0.99040215293	0.0059122000059	42.8201472	0.99999622034	0.99258137799
3.57	0.011825000001	60.3741	0.99999421731	0.99040952911	0.0061057999935	42.0470408	0.99999616446	0.99257327908
3.58	0.011824000001	59.26424	0.99999428263	0.99042160633	0.0063041999957	41.283584	0.99999611188	0.99256875573
3.59	0.011833000002	58.168047	0.99999435195	0.99043832723	0.0065089999985	40.5297192	0.99999606276	0.99256778179
3.6	0.011852000004	57.085453	0.9999944251	0.99045962977	0.0067170000015	39.7853896	0.99999601731	0.99257032727
3.61	0.011879000006	56.016391	0.99999450191	0.99048544748	0.0069290000048	39.0505384	0.99999597567	0.99257635841
3.62	0.011915000009	54.960792	0.99999458221	0.99051570959	0.0071433999941	38.3251072	0.99999593798	0.99258583783
3.63	0.011957000012	53.918585	0.99999466579	0.99055034123	0.0073601999978	37.6090368	0.99999590439	0.99259872466
3.64	0.012005999999	52.889699	0.99999475247	0.99058926366	0.0075778000016	36.9022696	0.99999587502	0.99261497464
3.65	0.012061000003	51.874062	0.99999484207	0.9906323944	0.0077954000054	36.2047448	0.99999584997	0.99263454029
3.66	0.012121000008	50.871602	0.99999493438	0.99067964743	0.008012999995	35.516404	0.99999582933	0.99265737103
3.67	0.012186000013	49.882243	0.9999950292	0.9907309334	0.0082289999987	34.8371864	0.99999581317	0.99268341326
3.68	0.012254000001	48.905912	0.99999512633	0.99078615981	0.0084434000022	34.167032	0.99999580157	0.99271261059
3.69	0.012324000007	47.942532	0.99999522558	0.99084523118	0.0086554000055	33.5058792	0.99999579456	0.99274490388
3.7	0.012398000013	46.992028	0.99999532673	0.99090804921	0.0088641999944	32.8536672	0.99999579219	0.99278023144
3.71	0.012472000002	46.054322	0.99999542957	0.99097451305	0.0090689999971	32.2103352	0.99999579446	0.9928185291
3.72	0.012547000008	45.129336	0.99999553391	0.9910445194	0.0092689999995	31.5758208	0.99999580137	0.9928597304
3.73	0.012623000014	44.216992	0.99999563954	0.99111796272	0.0094642000014	30.9500616	0.99999581293	0.9929037667
3.74	0.012698000003	43.317209	0.99999574624	0.99119473541	0.0096530000028	30.332996	0.99999582909	0.99295056729
3.75	0.012772000009	42.429907	0.99999585381	0.991274728	0.0098354000037	29.72456	0.99999584982	0.99300005955
3.76	0.012843999997	41.555006	0.9999959609	0.99135969143	0.010011400004	29.1246912	0.99999587491	0.99305395532
3.77	0.012914000003	40.692423	0.99999607076	0.99144392659	0.010179400004	28.5333264	0.99999590473	0.99310681984
3.78	0.012981000008	39.842077	0.99999617857	0.99153462973	0.010339400003	27.9504016	0.99999593855	0.99316561081
3.79	0.013044000013	39.003884	0.99999628875	0.9916246517	0.010491400001	27.3758528	0.99999597708	0.99322343328
3.8	0.013103	38.177761	0.99999639763	0.991719048	0.010633799999	26.8096168	0.99999601954	0.99328523673
3.81	0.013158000005	37.363623	0.99999650618	0.99181597757	0.010767399996	26.2516288	0.99999606603	0.99334926319
3.82	0.013207000009	36.561386	0.99999661421	0.99191532259	0.010890600006	25.7018232	0.99999611641	0.99341543024
3.83	0.013251000013	35.770964	0.99999672151	0.99201696472	0.011004200001	25.1601368	0.99999617056	0.99348365458
3.84	0.013288999998	34.992271	0.99999682791	0.99212078525	0.011107399995	24.626504	0.9999962283	0.99355385213
3.85	0.013321000001	34.225221	0.99999693322	0.99222666524	0.011199400003	24.10086	0.99999628948	0.99362593815
3.86	0.013346000003	33.469726	0.99999703726	0.99233448568	0.011280199995	23.5831384	0.99999635392	0.99369982739
3.87	0.013363000004	32.7257	0.99999713986	0.99244412768	0.011350600001	23.0732744	0.99999642143	0.99377543413
3.88	0.013373000005	31.993054	0.99999724083	0.99255547252	0.011409000006	22.5712016	0.99999649183	0.99385267242
3.89	0.013375000005	31.2717	0.99999734002	0.9926684019	0.011455399996	22.076856	0.99999656491	0.99393145606
3.9	0.013369000005	30.561548	0.99999743726	0.99278279799	0.011490599999	21.5901696	0.99999664047	0.99401169879
3.91	0.013354000003	29.862511	0.99999753239	0.99289854362	0.0115138	21.1110768	0.99999671829	0.9940933144
3.92	0.013331000002	29.174497	0.99999762527	0.9930155224	0.011524200001	20.639512	0.99999679815	0.99417621676
3.93	0.013298999999	28.497417	0.99999771572	0.99313361879	0.011523400001	20.1754088	0.99999687984	0.99426032004
3.94	0.013257000013	27.83118	0.99999780362	0.99325271834	0.0115106	19.7187	0.99999696312	0.9943455387
3.95	0.013207000009	27.175696	0.99999788882	0.99337270768	0.011485799998	19.2693192	0.99999704777	0.99443178766
3.96	0.013147000004	26.530874	0.99999797119	0.99349347472	0.011449799995	18.8272008	0.99999713354	0.99451898237
3.97	0.013076999998	25.896621	0.9999980506	0.99361490872	0.011401000005	18.3922768	0.9999972202	0.99460703888
3.98	0.01299900001	25.272847	0.99999812693	0.99373690044	0.011341	17.9644816	0.99999730752	0.99469587399
3.99	0.012910000002	24.65946	0.99999820005	0.99385934218	0.011269799994	17.543748	0.99999739525	0.99478540528
4	0.012812000012	24.056366	0.99999826986	0.99398212792	0.011186600002	17.1300088	0.99999748317	0.99487555121
4.1	0.011330000014	18.571168	0.99999876519	0.99520711287	0.0098066000013	13.362612	0.99999832056	0.99579399821
4.2	0.0091050000072	14.012659	0.99999885259	0.99636502201	0.0077129999986	10.2212488	0.9999989398	0.99669286195
4.3	0.0065280000071	10.286931	0.99999852816	0.99738835514	0.0054097999928	7.639912	0.9999991898	0.99751594721
4.4	0.0040509999976	7.300933	0.99999785472	0.99823659797	0.003363399994	5.5541736	0.99999902301	0.99822483574
4.5	0.0020450000092	4.963797	0.99999695936	0.99889416904	0.001877799999	3.9019528	0.99999850152	0.99880028756
4.6	0.00071200000554	3.187986	0.99999600771	0.99936793078	0.0010506000016	2.624168	0.99999777958	0.99923989423
4.7	7.0000005709e-05	1.890281	0.99999517302	0.99968132446	0.00080259999527	1.6652944	0.99999705733	0.99955472579
4.8	1e-06	0.99260000001	0.99999461499	0.99986644251	0.00094899999317	0.9737904	0.9999965345	0.99976365876
4.9	0.0003100000078	0.422653	0.99999444041	0.99995947798	0.0012722000057	0.50242400001	0.99999635138	0.99989039161
5	0.00079500001241	0.11442500001	0.99999469521	0.99999407623	0.0015858000032	0.208476	0.99999656171	0.99995841932
5.1	0.0012859999997	0.0085119999998	0.99999535091	0.99999819341	0.0017690000042	0.053840799995	0.99999711835	0.99998886372
5.2	0.001673000014	0.052295000016	0.99999631413	0.99999173428	0.0017746000046	0.0050256000062	0.99999789506	0.99999842421
5.3	0.001908999998	0.19998300001	0.99999743023	0.99998619525	0.001619400006	0.033061599995	0.99999871448	0.99999870563
5.4	0.0020020000057	0.41252000001	0.99999851884	0.99998568853	0.0013601999988	0.1133384	0.99999940496	0.99999645539
5.5	0.0019890000046	0.65737500001	0.9999993881	0.99998876221	0.0010610000024	0.2253688	0.99999982976	0.99999438307
5.6	0.0019189999988	0.90823200001	0.99999987972	0.99999084414	0.00077379999289	0.35250559999	0.9999999216	0.99999236175
5.7	0.001827000009	1.144584	0.99999989657	0.99998652625	0.00052820000099	0.4816176	0.99999968841	0.99998870772
5.8	0.0017320000011	1.351266	0.99999942505	0.99997146376	0.00033459999918	0.60273920001	0.99999920761	0.99998134973
5.9	0.0016410000113	1.517917	0.99999854365	0.99994351521	0.00019220000161	0.70870320001	0.99999859316	0.99996862783
6	0.001552000004	1.638409	0.99999741831	0.99990354298	9.4599993534e-05	0.79477199999	0.99999796475	0.99994998163
6.1	0.0014610000142	1.710251	0.9999962644	0.99985502102	3.460000278e-05	0.858272	0.99999741808	0.99992603627
6.2	0.0013640000062	1.733982	0.99999529831	0.99980304581	5.8000003972e-06	0.8982392	0.99999702308	0.99989833182
6.3	0.0012589999975	1.712574	0.99999470183	0.99975423134	1e-06	0.9150864	0.99999683527	0.999869535
6.4	0.0011450000058	1.650857	0.99999457739	0.99971424185	1.5400001191e-05	0.910292	0.99999688527	0.99984221975
6.5	0.0010210000133	1.554975	0.99999494146	0.99968816839	4.5000003641e-05	0.88611760001	0.99999716474	0.99981927069
6.6	0.00089200000267	1.431888	0.99999571561	0.99967878842	8.4999992739e-05	0.8453544	0.99999761638	0.9998028388
6.7	0.00076100000959	1.288931	0.99999673693	0.99968670854	0.00013139999658	0.7911064	0.99999814684	0.99979437183
6.8	0.00063199999892	1.133419	0.99999778531	0.99971033226	0.00017940000055	0.7265944	0.99999865258	0.99979441531
6.9	0.00051000000659	0.97233200001	0.99999862953	0.99974626218	0.00022980000472	0.655008	0.99999904257	0.99980261352
7	0.00039799999732	0.81204900001	0.99999908023	0.99978994359	0.00028179999481	0.57937520001	0.99999924935	0.99981783344
7.1	0.00030000000698	0.65815300002	0.99999903266	0.99983642217	0.00033699999938	0.5024696	0.99999923447	0.99983837885
7.2	0.00022400000069	0.51529500001	0.9999984886	0.99988108215	0.00039220000395	0.4267392	0.99999899423	0.99986224966
7.3	0.00017399999655	0.38711400001	0.99999755558	0.99992025006	0.00044179999384	0.3542616	0.99999856463	0.99988740249
7.4	0.00015500001274	0.27621200002	0.99999642518	0.99995158243	0.00047539999662	0.28672479999	0.99999802067	0.99991197726
7.5	0.00016600001365	0.184176	0.99999533385	0.99997419657	0.00048499999741	0.22541679999	0.99999746716	0.99993446688
7.6	0.00020299999895	0.11163000001	0.99999451364	0.99998854888	0.00046339999563	0.1712416	0.99999702051	0.99995381868
7.7	0.00025300000309	0.058334000001	0.99999414329	0.99999610771	0.0004122000056	0.12474080001	0.99999678455	0.999969467
7.8	0.00030500000739	0.023290000015	0.99999431057	0.99999890173	0.00033859999951	0.086126399995	0.99999682604	0.99998130415
7.9	0.00034900001103	0.0048790000012	0.99999499418	0.99999904056	0.00025300000664	0.055319200004	0.99999715629	0.99998960232
8	0.00037500001318	0.001	0.99999606853	0.99999830042	0.00017139999989	0.031997600007	0.99999772459	0.99999490347
8.1	0.00038100001368	0.0092130000045	0.99999732895	0.99999784436	0.00010819999466	0.015638400003	0.99999842548	0.99999789412
8.2	0.00037100001285	0.02688400001	0.99999853899	0.99999811827	7.3000005957e-05	0.0055671999942	0.99999912298	0.99999929046
8.3	0.00035500001153	0.051315000006	0.99999947094	0.99999891325	6.6600005428e-05	0.001	0.99999967578	0.99999972717
8.4	0.00034600001078	0.079868000006	0.99999995109	0.99999955413	8.1000006619e-05	0.001084000007	0.99999996797	0.99999969361
8.5	0.00035500001153	0.110075	0.99999989656	0.99999918181	0.00010419999433	0.0049375999989	0.99999993633	0.99999949745
8.6	0.00038400001393	0.139718	0.99999932711	0.9999970331	0.00012259999585	0.011680000003	0.9999995824	0.99999926459
8.7	0.0004279999998	0.16690600001	0.99999835888	0.99999266444	0.00012899999638	0.020463200005	0.99999897206	0.99999896978
8.8	0.00047900000402	0.19011300002	0.99999718295	0.9999860972	0.00012019999565	0.030491199996	0.99999822364	0.99999848526
8.9	0.00052400000775	0.208211	0.99999602989	0.9999778712	9.8599993865e-05	0.041042400002	0.99999748523	0.99999764188
9	0.00055400001023	0.220469	0.99999511687	0.99996890469	7.2200005891e-05	0.051480799999	0.99999689915	0.9999962849
9.1	0.00056300001097	0.22654600001	0.99999460966	0.99996035935	4.7400003839e-05	0.061267199999	0.9999965748	0.99999432688
9.2	0.00054900000981	0.226456	0.99999458863	0.9999533619	3.1400002515e-05	0.069964000008	0.99999656421	0.99999176692
9.3	0.00051600000708	0.22053500001	0.99999503916	0.99994885993	2.7400002184e-05	0.077235199998	0.99999685488	0.99998871412
9.4	0.0004690000032	0.20938600001	0.9999958535	0.99994744369	3.7000002979e-05	0.082844000007	0.99999737177	0.9999853878
9.5	0.00041699999889	0.193823	0.99999685837	0.99994921684	5.6200004567e-05	0.086650399996	0.99999799816	0.99998206296
9.6	0.00036600001244	0.17481000001	0.99999784829	0.99995384286	8.1000006619e-05	0.088601600001	0.99999860084	0.99997905307
9.7	0.00032000000863	0.15340000002	0.9999986289	0.99996061877	0.00010739999459	0.088722399996	0.99999906009	0.99997663777
9.8	0.00028000000532	0.130677	0.99999904718	0.99996861979	0.00013299999671	0.087107200005	0.99999928933	0.99997505338
9.9	0.00024700000259	0.107699	0.99999902232	0.99997684231	0.00015539999856	0.083907999996	0.99999925245	0.99997445708
10	0.00022000000036	0.085451000006	0.99999856108	0.99998439098	0.00017380000009	0.0793208	0.99999896826	0.99997488933
