g1	T1	g2	T2	g3	T3
0.01	1.8802	0.02	1.9667	0.01	0.5992
0.013311	1.8536	0.026622	1.9334	0.013311	0.5807
0.016622	1.827	0.033244	1.9068	0.016622	0.56485
0.019933	1.8003	0.039866	1.8802	0.019933	0.549
0.023244	1.7804	0.046488	1.8602	0.023244	0.53843
0.026555	1.7604	0.05311	1.8403	0.026555	0.52786
0.029866	1.7471	0.059732	1.827	0.029866	0.51729
0.033177	1.7271	0.066355	1.807	0.033177	0.50672
0.036488	1.7138	0.072977	1.7937	0.036488	0.4988
0.039799	1.7005	0.079599	1.7804	0.039799	0.49087
0.04311	1.6872	0.086221	1.7604	0.04311	0.48294
0.046421	1.6739	0.092843	1.7471	0.046421	0.47766
0.049732	1.6606	0.099465	1.7404	0.049732	0.46973
0.053043	1.6473	0.10609	1.7271	0.053043	0.46445
0.056355	1.6339	0.11271	1.7138	0.056355	0.45652
0.059666	1.6206	0.11933	1.7005	0.059666	0.45124
0.062977	1.614	0.12595	1.6872	0.062977	0.44595
0.066288	1.6007	0.13258	1.6805	0.066288	0.44067
0.069599	1.594	0.1392	1.6672	0.069599	0.43538
0.07291	1.5807	0.14582	1.6606	0.07291	0.4301
0.076221	1.574	0.15244	1.6473	0.076221	0.42482
0.079532	1.5607	0.15906	1.6406	0.079532	0.42217
0.082843	1.5541	0.16569	1.6273	0.082843	0.41689
0.086154	1.5408	0.17231	1.6206	0.086154	0.41161
0.089465	1.5341	0.17893	1.6073	0.089465	0.40896
0.092776	1.5275	0.18555	1.6007	0.092776	0.40368
0.096087	1.5141	0.19217	1.594	0.096087	0.39839
0.099398	1.5075	0.1988	1.5807	0.099398	0.39575
0.10271	1.5008	0.20542	1.574	0.10271	0.39047
0.10602	1.4942	0.21204	1.5674	0.10602	0.38783
0.10933	1.4809	0.21866	1.5607	0.10933	0.38518
0.11264	1.4742	0.22528	1.5474	0.11264	0.3799
0.11595	1.4676	0.23191	1.5408	0.11595	0.37726
0.11926	1.4609	0.23853	1.5341	0.11926	0.37462
0.12258	1.4542	0.24515	1.5275	0.12258	0.36933
0.12589	1.4476	0.25177	1.5208	0.12589	0.36669
0.1292	1.4409	0.25839	1.5141	0.1292	0.36405
0.13251	1.4276	0.26502	1.5075	0.13251	0.3614
0.13582	1.421	0.27164	1.5008	0.13582	0.35612
0.13913	1.4143	0.27826	1.4875	0.13913	0.35348
0.14244	1.4077	0.28488	1.4809	0.14244	0.35084
0.14575	1.401	0.29151	1.4742	0.14575	0.34819
0.14906	1.3943	0.29813	1.4676	0.14906	0.34555
0.15237	1.3877	0.30475	1.4609	0.15237	0.34291
0.15569	1.381	0.31137	1.4542	0.15569	0.34027
0.159	1.3744	0.31799	1.4476	0.159	0.33763
0.16231	1.3677	0.32462	1.4409	0.16231	0.33234
0.16562	1.3611	0.33124	1.4343	0.16562	0.3297
0.16893	1.3544	0.33786	1.4276	0.16893	0.32706
0.17224	1.3478	0.34448	1.421	0.17224	0.32441
0.17555	1.3411	0.3511	1.4143	0.17555	0.32177
0.17886	1.3411	0.35773	1.4077	0.17886	0.31913
0.18217	1.3344	0.36435	1.401	0.18217	0.31649
0.18548	1.3278	0.37097	1.3943	0.18548	0.31649
0.1888	1.3211	0.37759	1.3943	0.1888	0.31385
0.19211	1.3145	0.38421	1.3877	0.19211	0.3112
0.19542	1.3078	0.39084	1.381	0.19542	0.30856
0.19873	1.3012	0.39746	1.3744	0.19873	0.30592
0.20204	1.2945	0.40408	1.3677	0.20204	0.30328
0.20535	1.2879	0.4107	1.3611	0.20535	0.30064
0.20866	1.2812	0.41732	1.3544	0.20866	0.29799
0.21197	1.2812	0.42395	1.3478	0.21197	0.29535
0.21528	1.2745	0.43057	1.3411	0.21528	0.29271
0.2186	1.2679	0.43719	1.3344	0.2186	0.29271
0.22191	1.2612	0.44381	1.3344	0.22191	0.29007
0.22522	1.2546	0.45043	1.3278	0.22522	0.28742
0.22853	1.2479	0.45706	1.3211	0.22853	0.28478
0.23184	1.2479	0.46368	1.3145	0.23184	0.28214
0.23515	1.2413	0.4703	1.3078	0.23515	0.2795
0.23846	1.2346	0.47692	1.3012	0.23846	0.2795
0.24177	1.228	0.48355	1.3012	0.24177	0.27686
0.24508	1.2213	0.49017	1.2945	0.24508	0.27421
0.24839	1.2146	0.49679	1.2879	0.24839	0.27157
0.25171	1.2146	0.50341	1.2812	0.25171	0.27157
0.25502	1.208	0.51003	1.2745	0.25502	0.26893
0.25833	1.2013	0.51666	1.2679	0.25833	0.26629
0.26164	1.1947	0.52328	1.2679	0.26164	0.26365
0.26495	1.1947	0.5299	1.2612	0.26495	0.26365
0.26826	1.188	0.53652	1.2546	0.26826	0.261
0.27157	1.1814	0.54314	1.2479	0.27157	0.25836
0.27488	1.1747	0.54977	1.2479	0.27488	0.25572
0.27819	1.1681	0.55639	1.2413	0.27819	0.25572
0.28151	1.1681	0.56301	1.2346	0.28151	0.25308
0.28482	1.1614	0.56963	1.228	0.28482	0.25043
0.28813	1.1547	0.57625	1.2213	0.28813	0.25043
0.29144	1.1481	0.58288	1.2213	0.29144	0.24779
0.29475	1.1481	0.5895	1.2146	0.29475	0.24515
0.29806	1.1414	0.59612	1.208	0.29806	0.24251
0.30137	1.1348	0.60274	1.2013	0.30137	0.24251
0.30468	1.1281	0.60936	1.2013	0.30468	0.23987
0.30799	1.1281	0.61599	1.1947	0.30799	0.23722
0.3113	1.1215	0.62261	1.188	0.3113	0.23722
0.31462	1.1148	0.62923	1.1814	0.31462	0.23458
0.31793	1.1148	0.63585	1.1814	0.31793	0.23194
0.32124	1.1082	0.64247	1.1747	0.32124	0.23194
0.32455	1.1015	0.6491	1.1681	0.32455	0.2293
0.32786	1.0948	0.65572	1.1614	0.32786	0.2293
0.33117	1.0948	0.66234	1.1614	0.33117	0.22666
0.33448	1.0882	0.66896	1.1547	0.33448	0.22401
0.33779	1.0815	0.67559	1.1481	0.33779	0.22401
0.3411	1.0815	0.68221	1.1414	0.3411	0.22137
0.34441	1.0749	0.68883	1.1414	0.34441	0.21873
0.34773	1.0682	0.69545	1.1348	0.34773	0.21873
0.35104	1.0616	0.70207	1.1281	0.35104	0.21609
0.35435	1.0616	0.7087	1.1281	0.35435	0.21609
0.35766	1.0549	0.71532	1.1215	0.35766	0.21344
0.36097	1.0483	0.72194	1.1148	0.36097	0.2108
0.36428	1.0483	0.72856	1.1082	0.36428	0.2108
0.36759	1.0416	0.73518	1.1082	0.36759	0.20816
0.3709	1.0349	0.74181	1.1015	0.3709	0.20816
0.37421	1.0349	0.74843	1.0948	0.37421	0.20552
0.37753	1.0283	0.75505	1.0948	0.37753	0.20288
0.38084	1.0216	0.76167	1.0882	0.38084	0.20288
0.38415	1.015	0.76829	1.0815	0.38415	0.20023
0.38746	1.015	0.77492	1.0749	0.38746	0.20023
0.39077	1.0083	0.78154	1.0749	0.39077	0.19759
0.39408	1.0017	0.78816	1.0682	0.39408	0.19759
0.39739	1.0017	0.79478	1.0616	0.39739	0.19495
0.4007	0.99502	0.8014	1.0616	0.4007	0.19231
0.40401	0.98836	0.80803	1.0549	0.40401	0.19231
0.40732	0.98836	0.81465	1.0483	0.40732	0.18967
0.41064	0.98171	0.82127	1.0483	0.41064	0.18967
0.41395	0.97505	0.82789	1.0416	0.41395	0.18702
0.41726	0.97505	0.83452	1.0349	0.41726	0.18702
0.42057	0.96839	0.84114	1.0349	0.42057	0.18438
0.42388	0.96174	0.84776	1.0283	0.42388	0.18438
0.42719	0.96174	0.85438	1.0216	0.42719	0.18174
0.4305	0.95508	0.861	1.0216	0.4305	0.18174
0.43381	0.94843	0.86763	1.015	0.43381	0.1791
0.43712	0.94843	0.87425	1.0083	0.43712	0.17645
0.44043	0.94177	0.88087	1.0017	0.44043	0.17645
0.44375	0.93512	0.88749	1.0017	0.44375	0.17381
0.44706	0.93512	0.89411	0.99502	0.44706	0.17381
0.45037	0.92846	0.90074	0.98836	0.45037	0.17117
0.45368	0.92181	0.90736	0.98836	0.45368	0.17117
0.45699	0.92181	0.91398	0.98171	0.45699	0.16853
0.4603	0.91515	0.9206	0.97505	0.4603	0.16853
0.46361	0.90849	0.92722	0.97505	0.46361	0.16589
0.46692	0.90849	0.93385	0.96839	0.46692	0.16589
0.47023	0.90184	0.94047	0.96174	0.47023	0.16324
0.47355	0.89518	0.94709	0.96174	0.47355	0.16324
0.47686	0.89518	0.95371	0.95508	0.47686	0.1606
0.48017	0.88853	0.96033	0.94843	0.48017	0.1606
0.48348	0.88187	0.96696	0.94843	0.48348	0.15796
0.48679	0.88187	0.97358	0.94177	0.48679	0.15796
0.4901	0.87522	0.9802	0.93512	0.4901	0.15532
0.49341	0.87522	0.98682	0.93512	0.49341	0.15532
0.49672	0.86856	0.99344	0.92846	0.49672	0.15268
0.50003	0.86191	1.0001	0.92181	0.50003	0.15268
0.50334	0.86191	1.0067	0.92181	0.50334	0.15003
0.50666	0.85525	1.0133	0.91515	0.50666	0.15003
0.50997	0.8486	1.0199	0.90849	0.50997	0.14739
0.51328	0.8486	1.0266	0.90849	0.51328	0.14739
0.51659	0.84194	1.0332	0.90184	0.51659	0.14739
0.5199	0.83528	1.0398	0.89518	0.5199	0.14475
0.52321	0.83528	1.0464	0.89518	0.52321	0.14475
0.52652	0.82863	1.053	0.88853	0.52652	0.14211
0.52983	0.82197	1.0597	0.88187	0.52983	0.14211
0.53314	0.82197	1.0663	0.88187	0.53314	0.13946
0.53645	0.81532	1.0729	0.87522	0.53645	0.13946
0.53977	0.80866	1.0795	0.86856	0.53977	0.13682
0.54308	0.80866	1.0862	0.86856	0.54308	0.13682
0.54639	0.80201	1.0928	0.86191	0.54639	0.13418
0.5497	0.79535	1.0994	0.85525	0.5497	0.13418
0.55301	0.79535	1.106	0.85525	0.55301	0.13154
0.55632	0.7887	1.1126	0.8486	0.55632	0.13154
0.55963	0.7887	1.1193	0.84194	0.55963	0.13154
0.56294	0.78204	1.1259	0.84194	0.56294	0.1289
0.56625	0.77538	1.1325	0.83528	0.56625	0.1289
0.56957	0.77538	1.1391	0.82863	0.56957	0.12625
0.57288	0.76873	1.1458	0.82863	0.57288	0.12625
0.57619	0.76207	1.1524	0.82197	0.57619	0.12361
0.5795	0.76207	1.159	0.81532	0.5795	0.12361
0.58281	0.75542	1.1656	0.81532	0.58281	0.12361
0.58612	0.74876	1.1722	0.80866	0.58612	0.12097
0.58943	0.74876	1.1789	0.80201	0.58943	0.12097
0.59274	0.74211	1.1855	0.80201	0.59274	0.11833
0.59605	0.73545	1.1921	0.79535	0.59605	0.11833
0.59936	0.73545	1.1987	0.7887	0.59936	0.11569
0.60268	0.7288	1.2054	0.7887	0.60268	0.11569
0.60599	0.72214	1.212	0.78204	0.60599	0.11304
0.6093	0.72214	1.2186	0.77538	0.6093	0.11304
0.61261	0.71548	1.2252	0.77538	0.61261	0.11304
0.61592	0.70883	1.2318	0.76873	0.61592	0.1104
0.61923	0.70883	1.2385	0.76207	0.61923	0.1104
0.62254	0.70217	1.2451	0.76207	0.62254	0.10776
0.62585	0.70217	1.2517	0.75542	0.62585	0.10776
0.62916	0.69552	1.2583	0.74876	0.62916	0.10776
0.63247	0.68886	1.2649	0.74876	0.63247	0.10512
0.63579	0.68886	1.2716	0.74211	0.63579	0.10512
0.6391	0.68221	1.2782	0.73545	0.6391	0.10247
0.64241	0.67555	1.2848	0.73545	0.64241	0.10247
0.64572	0.67555	1.2914	0.7288	0.64572	0.10247
0.64903	0.6689	1.2981	0.72214	0.64903	0.099833
0.65234	0.66224	1.3047	0.71548	0.65234	0.099833
0.65565	0.66224	1.3113	0.71548	0.65565	0.097191
0.65896	0.65559	1.3179	0.70883	0.65896	0.097191
0.66227	0.64893	1.3245	0.70217	0.66227	0.094548
0.66559	0.64893	1.3312	0.70217	0.66559	0.094548
0.6689	0.64227	1.3378	0.69552	0.6689	0.094548
0.67221	0.63562	1.3444	0.68886	0.67221	0.091906
0.67552	0.63562	1.351	0.68886	0.67552	0.091906
0.67883	0.62896	1.3577	0.68221	0.67883	0.089264
0.68214	0.62231	1.3643	0.67555	0.68214	0.089264
0.68545	0.62231	1.3709	0.67555	0.68545	0.089264
0.68876	0.61565	1.3775	0.6689	0.68876	0.086622
0.69207	0.609	1.3841	0.66224	0.69207	0.086622
0.69538	0.609	1.3908	0.65559	0.69538	0.086622
0.6987	0.60234	1.3974	0.65559	0.6987	0.08398
0.70201	0.59569	1.404	0.64893	0.70201	0.08398
0.70532	0.58903	1.4106	0.64227	0.70532	0.081338
0.70863	0.58903	1.4173	0.64227	0.70863	0.081338
0.71194	0.58237	1.4239	0.63562	0.71194	0.081338
0.71525	0.57572	1.4305	0.62896	0.71525	0.078696
0.71856	0.57572	1.4371	0.62896	0.71856	0.078696
0.72187	0.56906	1.4437	0.62231	0.72187	0.076054
0.72518	0.56241	1.4504	0.61565	0.72518	0.076054
0.72849	0.56241	1.457	0.609	0.72849	0.076054
0.73181	0.55575	1.4636	0.609	0.73181	0.073411
0.73512	0.5491	1.4702	0.60234	0.73512	0.073411
0.73843	0.54244	1.4769	0.59569	0.73843	0.073411
0.74174	0.54244	1.4835	0.58903	0.74174	0.070769
0.74505	0.53579	1.4901	0.58903	0.74505	0.070769
0.74836	0.52913	1.4967	0.58237	0.74836	0.068127
0.75167	0.52913	1.5033	0.57572	0.75167	0.068127
0.75498	0.52247	1.51	0.56906	0.75498	0.068127
0.75829	0.51582	1.5166	0.56906	0.75829	0.065485
0.76161	0.50916	1.5232	0.56241	0.76161	0.065485
0.76492	0.50916	1.5298	0.55575	0.76492	0.065485
0.76823	0.50251	1.5365	0.5491	0.76823	0.062843
0.77154	0.49585	1.5431	0.5491	0.77154	0.062843
0.77485	0.49585	1.5497	0.54244	0.77485	0.062843
0.77816	0.4892	1.5563	0.53579	0.77816	0.060201
0.78147	0.48254	1.5629	0.52913	0.78147	0.060201
0.78478	0.47589	1.5696	0.52913	0.78478	0.057559
0.78809	0.47589	1.5762	0.52247	0.78809	0.057559
0.7914	0.46923	1.5828	0.51582	0.7914	0.057559
0.79472	0.46258	1.5894	0.50916	0.79472	0.054916
0.79803	0.45592	1.5961	0.50251	0.79803	0.054916
0.80134	0.45592	1.6027	0.50251	0.80134	0.054916
0.80465	0.44926	1.6093	0.49585	0.80465	0.052274
0.80796	0.44261	1.6159	0.4892	0.80796	0.052274
0.81127	0.43595	1.6225	0.48254	0.81127	0.052274
0.81458	0.4293	1.6292	0.47589	0.81458	0.049632
0.81789	0.4293	1.6358	0.47589	0.81789	0.049632
0.8212	0.42264	1.6424	0.46923	0.8212	0.049632
0.82452	0.41599	1.649	0.46258	0.82452	0.04699
0.82783	0.40933	1.6557	0.45592	0.82783	0.04699
0.83114	0.40933	1.6623	0.44926	0.83114	0.044348
0.83445	0.40268	1.6689	0.44261	0.83445	0.044348
0.83776	0.39602	1.6755	0.44261	0.83776	0.044348
0.84107	0.38936	1.6821	0.43595	0.84107	0.041706
0.84438	0.38271	1.6888	0.4293	0.84438	0.041706
0.84769	0.37605	1.6954	0.42264	0.84769	0.041706
0.851	0.37605	1.702	0.41599	0.851	0.039064
0.85431	0.3694	1.7086	0.40933	0.85431	0.039064
0.85763	0.36274	1.7153	0.40268	0.85763	0.039064
0.86094	0.35609	1.7219	0.40268	0.86094	0.036421
0.86425	0.34943	1.7285	0.39602	0.86425	0.036421
0.86756	0.34278	1.7351	0.38936	0.86756	0.036421
0.87087	0.33612	1.7417	0.38271	0.87087	0.033779
0.87418	0.33612	1.7484	0.37605	0.87418	0.033779
0.87749	0.32946	1.755	0.3694	0.87749	0.033779
0.8808	0.32281	1.7616	0.36274	0.8808	0.031137
0.88411	0.31615	1.7682	0.35609	0.88411	0.031137
0.88742	0.3095	1.7748	0.34943	0.88742	0.031137
0.89074	0.30284	1.7815	0.34278	0.89074	0.028495
0.89405	0.29619	1.7881	0.33612	0.89405	0.028495
0.89736	0.28953	1.7947	0.32946	0.89736	0.028495
0.90067	0.28288	1.8013	0.32281	0.90067	0.025853
0.90398	0.27622	1.808	0.31615	0.90398	0.025853
0.90729	0.26957	1.8146	0.3095	0.90729	0.025853
0.9106	0.26291	1.8212	0.30284	0.9106	0.023211
0.91391	0.25625	1.8278	0.29619	0.91391	0.023211
0.91722	0.2496	1.8344	0.28953	0.91722	0.023211
0.92054	0.24294	1.8411	0.28288	0.92054	0.020569
0.92385	0.23629	1.8477	0.26957	0.92385	0.020569
0.92716	0.22963	1.8543	0.26291	0.92716	0.020569
0.93047	0.22298	1.8609	0.25625	0.93047	0.017926
0.93378	0.21632	1.8676	0.2496	0.93378	0.017926
0.93709	0.20967	1.8742	0.24294	0.93709	0.017926
0.9404	0.19635	1.8808	0.22963	0.9404	0.015284
0.94371	0.1897	1.8874	0.22298	0.94371	0.015284
0.94702	0.18304	1.894	0.21632	0.94702	0.015284
0.95033	0.17639	1.9007	0.20967	0.95033	0.012642
0.95365	0.16308	1.9073	0.19635	0.95365	0.012642
0.95696	0.15642	1.9139	0.1897	0.95696	0.012642
0.96027	0.14977	1.9205	0.17639	0.96027	0.01
0.96358	0.13645	1.9272	0.16973	0.96358	0.01
0.96689	0.1298	1.9338	0.15642	0.96689	0.01
0.9702	0.12314	1.9404	0.14977	0.9702	0.01
0.97351	0.10983	1.947	0.13645	0.97351	0.01
0.97682	0.096522	1.9536	0.12314	0.97682	0.01
0.98013	0.089866	1.9603	0.10983	0.98013	0.01
0.98344	0.076555	1.9669	0.096522	0.98344	0.01
0.98676	0.063244	1.9735	0.083211	0.98676	0.01
0.99007	0.049933	1.9801	0.0699	0.99007	0.01
0.99338	0.036622	1.9868	0.049933	0.99338	0.01
0.99669	0.023311	1.9934	0.029967	0.99669	0.01
1	0.01	2	0.01	1	0.01
