x	wf1	wf2	wf3
-29.9707	1.48494e-25	2.208705e-25	3.957662e-21
-29.94141	1.382622e-26	7.536999e-26	3.949698e-21
-29.91211	3.196674e-25	1.041476e-25	4.014133e-21
-29.88281	1.327665e-25	1.040138e-26	3.988972e-21
-29.85352	7.062366e-26	6.478643e-26	3.990263e-21
-29.82422	4.468764e-25	5.409421e-26	4.085625e-21
-29.79492	2.844282e-26	1.541643e-25	4.041664e-21
-29.76562	9.422436e-26	9.079912e-26	4.082276e-21
-29.73633	7.301105e-27	8.091208e-26	4.086679e-21
-29.70703	3.140652e-26	2.263771e-25	4.087817e-21
-29.67773	2.880901e-25	2.734547e-26	4.137174e-21
-29.64844	4.620808e-25	1.8956e-25	4.073587e-21
-29.61914	2.294884e-25	1.146681e-25	4.14965e-21
-29.58984	3.211208e-25	1.970655e-25	4.185913e-21
-29.56055	5.111133e-25	2.555277e-25	4.114072e-21
-29.53125	5.715697e-25	7.623824e-25	4.205916e-21
-29.50195	4.721625e-25	7.999444e-26	4.156433e-21
-29.47266	1.891803e-25	2.243387e-25	4.181592e-21
-29.44336	1.862525e-26	8.706204e-26	4.212235e-21
-29.41406	2.593084e-26	4.816529e-25	4.278144e-21
-29.38477	1.811551e-25	1.694182e-25	4.22939e-21
-29.35547	2.760786e-26	3.809063e-25	4.260958e-21
-29.32617	5.629514e-26	8.059163e-25	4.192016e-21
-29.29688	3.515494e-25	2.308875e-25	4.324072e-21
-29.26758	2.592962e-25	3.907063e-25	4.216421e-21
-29.23828	2.459312e-25	5.938407e-25	4.381983e-21
-29.20898	2.667711e-26	2.862875e-25	4.246686e-21
-29.17969	1.021769e-25	1.402818e-25	4.329804e-21
-29.15039	3.039836e-26	3.035443e-25	4.273277e-21
-29.12109	2.837746e-25	2.604851e-25	4.476248e-21
-29.0918	2.061257e-25	4.539583e-25	4.328408e-21
-29.0625	1.168406e-25	6.344395e-25	4.418086e-21
-29.0332	1.589937e-25	4.648156e-25	4.376526e-21
-29.00391	1.18208e-25	9.01845e-25	4.38241e-21
-28.97461	1.485647e-26	1.980643e-25	4.409078e-21
-28.94531	1.627825e-25	5.314009e-25	4.432889e-21
-28.91602	1.552823e-24	1.389912e-25	4.474037e-21
-28.88672	4.555802e-25	7.622299e-25	4.447489e-21
-28.85742	3.661767e-25	3.716392e-25	4.501741e-21
-28.82812	1.785115e-25	6.289835e-26	4.511805e-21
-28.79883	1.228044e-25	1.250841e-24	4.452789e-21
-28.76953	1.572246e-25	7.882894e-25	4.585907e-21
-28.74023	4.481541e-25	8.043851e-25	4.436046e-21
-28.71094	4.077177e-25	9.71853e-25	4.583823e-21
-28.68164	2.121897e-24	1.842028e-24	4.505397e-21
-28.65234	1.661959e-24	1.415576e-24	4.617978e-21
-28.62305	1.506858e-24	1.591952e-24	4.60633e-21
-28.59375	1.914855e-24	1.104113e-24	4.600384e-21
-28.56445	3.013536e-24	1.214003e-24	4.667107e-21
-28.53516	1.246425e-24	5.911695e-25	4.69098e-21
-28.50586	8.352334e-25	8.015017e-25	4.647701e-21
-28.47656	1.519892e-24	4.132701e-25	4.642481e-21
-28.44727	6.823687e-25	2.513872e-25	4.692267e-21
-28.41797	5.15082e-25	1.304371e-25	4.709999e-21
-28.38867	6.933064e-25	3.180236e-25	4.750356e-21
-28.35938	6.420679e-25	9.824042e-27	4.728782e-21
-28.33008	9.080137e-25	2.966741e-25	4.669222e-21
-28.30078	8.73092e-25	1.455609e-25	4.795381e-21
-28.27148	1.427551e-24	6.703738e-25	4.754312e-21
-28.24219	8.622822e-25	5.120252e-25	4.783415e-21
-28.21289	6.603409e-25	1.475596e-24	4.822803e-21
-28.18359	5.143189e-25	3.675257e-25	4.922763e-21
-28.1543	2.370707e-25	1.612789e-25	4.733862e-21
-28.125	2.254742e-25	7.443783e-25	4.937961e-21
-28.0957	1.697732e-25	4.513736e-25	4.82318e-21
-28.06641	5.930903e-27	1.392614e-25	4.894924e-21
-28.03711	1.73809e-25	3.43859e-25	4.973169e-21
-28.00781	4.126098e-25	6.302254e-26	4.964746e-21
-27.97852	6.611458e-25	5.027971e-25	4.799353e-21
-27.94922	7.217042e-25	1.878663e-24	5.185597e-21
-27.91992	1.421985e-25	2.037272e-24	4.832547e-21
-27.89062	7.718974e-25	1.407599e-24	4.917533e-21
-27.86133	2.259329e-24	2.183298e-24	5.339489e-21
-27.83203	3.144e-24	5.853625e-26	4.788521e-21
-27.80273	3.645977e-24	1.955851e-25	4.844407e-21
-27.77344	2.739873e-24	8.157295e-24	6.176298e-21
-27.74414	3.563784e-24	2.762885e-23	3.704889e-21
-27.71484	1.316756e-23	6.402323e-23	6.371171e-21
-27.68555	3.942486e-23	1.157441e-22	5.158009e-21
-27.65625	1.017043e-22	1.164904e-22	4.095661e-21
-27.62695	2.227528e-22	8.110993e-23	6.639835e-21
-27.59766	3.95572e-22	5.977558e-23	7.811983e-21
-27.56836	5.8309e-22	4.481734e-22	2.910996e-21
-27.53906	1.060549e-21	2.047918e-21	2.333591e-20
-27.50977	2.523915e-21	5.773536e-21	6.240201e-22
-27.48047	6.687673e-21	1.18573e-20	2.617678e-20
-27.45117	1.593008e-20	1.891836e-20	1.166571e-21
-27.42188	3.316637e-20	2.456626e-20	1.182287e-20
-27.39258	6.092402e-20	3.206806e-20	3.886172e-20
-27.36328	1.055014e-19	6.429019e-20	2.213643e-19
-27.33398	1.888941e-19	1.859004e-19	4.229093e-19
-27.30469	3.787172e-19	5.156807e-19	1.130866e-18
-27.27539	8.331458e-19	1.216317e-18	1.410661e-18
-27.24609	1.853551e-18	2.427347e-18	2.222728e-18
-27.2168	3.92216e-18	4.225011e-18	1.972072e-18
-27.1875	7.733591e-18	6.755188e-18	3.202578e-18
-27.1582	1.436176e-17	1.094017e-17	7.502042e-18
-27.12891	2.596005e-17	2.018883e-17	2.499958e-17
-27.09961	4.765114e-17	4.349099e-17	6.566001e-17
-27.07031	9.166592e-17	9.931011e-17	1.526466e-16
-27.04102	1.845199e-16	2.191711e-16	2.915629e-16
-27.01172	3.77505e-16	4.488589e-16	5.037025e-16
-26.98242	7.604296e-16	8.488544e-16	7.691918e-16
-26.95312	1.48056e-15	1.504288e-15	1.157524e-15
-26.92383	2.77738e-15	2.574958e-15	1.8478e-15
-26.89453	5.066523e-15	4.445265e-15	3.543558e-15
-26.86523	9.145748e-15	8.062287e-15	7.743489e-15
-26.83594	1.665353e-14	1.556447e-14	1.754629e-14
-26.80664	3.097447e-14	3.127354e-14	3.789474e-14
-26.77734	5.883535e-14	6.304724e-14	7.634251e-14
-26.74805	1.12858e-13	1.239433e-13	1.42385e-13
-26.71875	2.154048e-13	2.343097e-13	2.488075e-13
-26.68945	4.043395e-13	4.252135e-13	4.1344e-13
-26.66016	7.42352e-13	7.461644e-13	6.726798e-13
-26.63086	1.334018e-12	1.284125e-12	1.109384e-12
-26.60156	2.359946e-12	2.207323e-12	1.921452e-12
-26.57227	4.146454e-12	3.856401e-12	3.538251e-12
-26.54297	7.302929e-12	6.915403e-12	6.823288e-12
-26.51367	1.297755e-11	1.270404e-11	1.335601e-11
-26.48438	2.330402e-11	2.363771e-11	2.582546e-11
-26.45508	4.213696e-11	4.390501e-11	4.849161e-11
-26.42578	7.620563e-11	8.04263e-11	8.778991e-11
-26.39648	1.368718e-10	1.442172e-10	1.531399e-10
-26.36719	2.42804e-10	2.524602e-10	2.585047e-10
-26.33789	4.24172e-10	4.320133e-10	4.256306e-10
-26.30859	7.295822e-10	7.25942e-10	6.913708e-10
-26.2793	1.238178e-09	1.206194e-09	1.12285e-09
-26.25	2.081448e-09	1.998012e-09	1.847418e-09
-26.2207	3.482731e-09	3.325313e-09	3.106937e-09
-26.19141	5.827586e-09	5.591193e-09	5.350833e-09
-26.16211	9.785408e-09	9.513783e-09	9.385087e-09
-26.13281	1.651214e-08	1.634468e-08	1.659948e-08
-26.10352	2.797563e-08	2.820481e-08	2.929624e-08
-26.07422	4.745948e-08	4.858101e-08	5.114903e-08
-26.04492	8.03192e-08	8.303808e-08	8.782458e-08
-26.01562	1.350897e-07	1.402209e-07	1.478228e-07
-25.98633	2.250844e-07	2.332612e-07	2.436315e-07
-25.95703	3.707004e-07	3.817857e-07	3.934018e-07
-25.92773	6.027799e-07	6.148842e-07	6.235362e-07
-25.89844	9.676297e-07	9.756904e-07	9.729515e-07
-25.86914	1.53473e-06	1.528737e-06	1.500349e-06
-25.83984	2.40889e-06	2.37207e-06	2.296778e-06
-25.81055	3.749744e-06	3.657375e-06	3.507121e-06
-25.78125	5.803192e-06	5.623208e-06	5.366124e-06
-25.75195	8.951855e-06	8.649006e-06	8.257157e-06
-25.72266	1.379498e-05	1.334096e-05	1.280534e-05
-25.69336	2.127261e-05	2.066513e-05	2.002076e-05
-25.66406	3.285439e-05	3.214846e-05	3.151231e-05
-25.63477	5.081966e-05	5.017422e-05	4.979809e-05
-25.60547	7.866307e-05	7.840475e-05	7.874372e-05
-25.57617	0.000121667	0.0001223709	0.0001241649
-25.54688	0.0001876894	0.0001902726	0.000194635
-25.51758	0.0002882219	0.00029404	0.0003025404
-25.48828	0.0004397752	0.0004507043	0.0004654262
-25.45898	0.0006656493	0.0006841275	0.0007076722
-25.42969	0.0009981414	0.001027131	0.00106253
-25.40039	0.001481232	0.001524053	0.001574539
-25.37109	0.002173774	0.002233751	0.002302334
-25.3418	0.003153187	0.003233031	0.003321808
-25.3125	0.004519619	0.004620479	0.004729615
-25.2832	0.006400534	0.006520618	0.006646922
-25.25391	0.0089556	0.009088305	0.009223342
-25.22461	0.01238177	0.01251324	0.01264092
-25.19531	0.01691837	0.01702443	0.01711803
-25.16602	0.02285206	0.02289449	0.0229131
-25.13672	0.03052135	0.03044352	0.03032792
-25.10742	0.04032068	0.04004253	0.03971051
-25.07812	0.05270365	0.05211608	0.05145733
-25.04883	0.06818542	0.06714426	0.0660148
-25.01953	0.0873441	0.0856637	0.08388005
-24.99023	0.1108211	0.1082677	0.1056009
-24.96094	0.1393204	0.1356054	0.1317752
-24.93164	0.173607	0.1683804	0.163049
-24.90234	0.2145041	0.2073483	0.200115
-24.87305	0.2628902	0.2533138	0.2437098
-24.84375	0.3196951	0.3071281	0.2946111
-24.81445	0.385896	0.3696847	0.3536353
-24.78516	0.4625137	0.4419168	0.4216342
-24.75586	0.5506086	0.5247942	0.4994933
-24.72656	0.6512775	0.6193206	0.5881292
-24.69727	0.7656508	0.7265319	0.688489
-24.66797	0.8948903	0.8474948	0.8015492
-24.63867	1.040188	0.9833067	0.9283161
-24.60938	1.202766	1.135096	1.069827
-24.58008	1.383875	1.304024	1.227152
-24.55078	1.584797	1.491285	1.401398
-24.52148	1.806846	1.698112	1.593711
-24.49219	2.051365	1.925776	1.805278
-24.46289	2.319733	2.175591	2.037339
-24.43359	2.613356	2.448918	2.291184
-24.4043	2.933669	2.74716	2.56816
-24.375	3.28213	3.071768	2.869677
-24.3457	3.660202	3.424233	3.197204
-24.31641	4.069346	3.806077	3.552275
-24.28711	4.510989	4.218845	3.936477
-24.25781	4.98649	4.664072	4.351443
-24.22852	5.4971	5.14326	4.79883
-24.19922	6.043892	5.657828	5.280291
-24.16992	6.62769	6.209049	5.797429
-24.14062	7.248978	6.797971	6.351736
-24.11133	7.907786	7.425319	6.944511
-24.08203	8.603573	8.091374	7.57675
-24.05273	9.335098	8.795831	8.249024
-24.02344	10.1003	9.537656	8.961312
-23.99414	10.89619	10.31493	9.712837
-23.96484	11.71879	11.12472	10.50188
-23.93555	12.56315	11.96297	11.3256
-23.90625	13.42337	12.82447	12.17992
-23.87695	14.29287	13.70296	13.05941
-23.84766	15.16459	14.59122	13.95739
-23.81836	16.03145	15.48146	14.86602
-23.78906	16.88675	16.36573	15.77667
-23.75977	17.7247	17.23643	16.68038
-23.73047	18.54082	18.08691	17.56851
-23.70117	19.33233	18.91202	18.43337
-23.67188	20.09828	19.70853	19.26895
-23.64258	20.83958	20.47538	20.07143
-23.61328	21.55875	21.21371	20.83954
-23.58398	22.2596	21.92662	21.57462
-23.55469	22.94665	22.61869	22.28035
-23.52539	23.62471	23.29547	22.96227
-23.49609	24.29826	23.96275	23.62704
-23.4668	24.97116	24.62601	24.28167
-23.4375	25.64631	25.28985	24.93277
-23.4082	26.32554	25.95775	25.58595
-23.37891	27.0097	26.63183	26.24533
-23.34961	27.69872	27.31296	26.91345
-23.32031	28.3919	28.00089	27.59121
-23.29102	29.08813	28.69455	28.27816
-23.26172	29.78616	29.3924	28.9728
-23.23242	30.48481	30.09269	29.67301
-23.20312	31.1831	30.79383	30.37648
-23.17383	31.88036	31.4945	31.08104
-23.14453	32.57621	32.19378	31.78492
-23.11523	33.27053	32.89119	32.48692
-23.08594	33.96339	33.58661	33.18638
-23.05664	34.65495	34.28018	33.8832
-23.02734	35.34543	34.97219	34.5776
-22.99805	36.03498	35.66296	35.27004
-22.96875	36.72371	36.35278	35.96103
-22.93945	37.41168	37.04184	36.65102
-22.91016	38.09887	37.73021	37.34032
-22.88086	38.78524	38.4179	38.02907
-22.85156	39.47073	39.10484	38.71729
-22.82227	40.15531	39.79095	39.40488
-22.79297	40.83895	40.47615	40.09172
-22.76367	41.52164	41.16041	40.77768
-22.73438	42.20339	41.84368	41.46267
-22.70508	42.88422	42.526	42.14666
-22.67578	43.56415	43.20737	42.82963
-22.64648	44.24318	43.88783	43.51163
-22.61719	44.92133	44.56741	44.19271
-22.58789	45.5986	45.24611	44.87289
-22.55859	46.27497	45.92393	45.55221
-22.5293	46.95046	46.60088	46.23067
-22.5	47.62505	47.27694	46.90827
-22.4707	48.29874	47.95211	47.585
-22.44141	48.97154	48.62638	48.26084
-22.41211	49.64344	49.29976	48.93578
-22.38281	50.31446	49.97223	49.60981
-22.35352	50.98458	50.64381	50.28295
-22.32422	51.65381	51.31451	50.95518
-22.29492	52.32215	51.98431	51.62653
-22.26562	52.9896	52.65322	52.29698
-22.23633	53.65616	53.32125	52.96655
-22.20703	54.32183	53.98838	53.63523
-22.17773	54.98661	54.65463	54.30302
-22.14844	55.65051	55.31998	54.96992
-22.11914	56.31352	55.98445	55.63593
-22.08984	56.97564	56.64802	56.30105
-22.06055	57.63687	57.31071	56.96528
-22.03125	58.29721	57.97251	57.62862
-22.00195	58.95667	58.63343	58.29107
-21.97266	59.61525	59.29345	58.95263
-21.94336	60.27293	59.95259	59.61331
-21.91406	60.92973	60.61084	60.27309
-21.88477	61.58565	61.26821	60.93199
-21.85547	62.24068	61.92469	61.59
-21.82617	62.89483	62.58028	62.24712
-21.79688	63.54809	63.23499	62.90336
-21.76758	64.20047	63.88881	63.5587
-21.73828	64.85196	64.54174	64.21316
-21.70898	65.50257	65.19379	64.86674
-21.67969	66.1523	65.84496	65.51942
-21.65039	66.80114	66.49524	66.17122
-21.62109	67.4491	67.14463	66.82214
-21.5918	68.09618	67.79314	67.47217
-21.5625	68.74238	68.44077	68.12131
-21.5332	69.38769	69.08751	68.76956
-21.50391	70.03212	69.73337	69.41693
-21.47461	70.67567	70.37835	70.06342
-21.44531	71.31833	71.02244	70.70901
-21.41602	71.96012	71.66564	71.35373
-21.38672	72.60102	72.30797	71.99755
-21.35742	73.24104	72.94941	72.6405
-21.32812	73.88018	73.58997	73.28255
-21.29883	74.51844	74.22964	73.92373
-21.26953	75.15581	74.86843	74.56401
-21.24023	75.79231	75.50634	75.20342
-21.21094	76.42792	76.14337	75.84194
-21.18164	77.06266	76.77951	76.47957
-21.15234	77.69651	77.41477	77.11632
-21.12305	78.32948	78.04915	77.75218
-21.09375	78.96158	78.68264	78.38717
-21.06445	79.59279	79.31526	79.02126
-21.03516	80.22312	79.94699	79.65448
-21.00586	80.85257	80.57784	80.2868
-20.97656	81.48114	81.20781	80.91825
-20.94727	82.10883	81.83689	81.54881
-20.91797	82.73565	82.4651	82.17849
-20.88867	83.36158	83.09242	82.80728
-20.85938	83.98663	83.71886	83.43519
-20.83008	84.6108	84.34442	84.06222
-20.80078	85.23409	84.9691	84.68836
-20.77148	85.85651	85.59289	85.31362
-20.74219	86.47804	86.21581	85.938
-20.71289	87.09869	86.83784	86.56149
-20.68359	87.71847	87.45899	87.1841
-20.6543	88.33736	88.07926	87.80583
-20.625	88.95538	88.69865	88.42667
-20.5957	89.57252	89.31716	89.04663
-20.56641	90.18877	89.93479	89.66571
-20.53711	90.80415	90.55154	90.2839
-20.50781	91.41865	91.1674	90.90121
-20.47852	92.03227	91.78239	91.51764
-20.44922	92.64501	92.39649	92.13319
-20.41992	93.25688	93.00972	92.74785
-20.39062	93.86786	93.62206	93.36163
-20.36133	94.47796	94.23352	93.97453
-20.33203	95.08719	94.8441	94.58654
-20.30273	95.69554	95.4538	95.19768
-20.27344	96.30301	96.06262	95.80792
-20.24414	96.9096	96.67056	96.41729
-20.21484	97.51531	97.27762	97.02578
-20.18555	98.12014	97.8838	97.63338
-20.15625	98.7241	98.4891	98.2401
-20.12695	99.32717	99.09351	98.84593
-20.09766	99.92937	99.69705	99.45089
-20.06836	100.5307	100.2997	100.055
-20.03906	101.1311	100.9015	100.6582
-20.00977	101.7307	101.5024	101.2605
-19.98047	102.3294	102.1024	101.8619
-19.95117	102.9272	102.7015	102.4624
-19.92188	103.5241	103.2998	103.0621
-19.89258	104.1202	103.8972	103.6609
-19.86328	104.7153	104.4937	104.2588
-19.83398	105.3096	105.0893	104.8558
-19.80469	105.903	105.684	105.4519
-19.77539	106.4956	106.2779	106.0472
-19.74609	107.0872	106.8708	106.6415
-19.7168	107.678	107.4629	107.235
-19.6875	108.2679	108.0542	107.8276
-19.6582	108.8569	108.6445	108.4193
-19.62891	109.4451	109.2339	109.0102
-19.59961	110.0324	109.8225	109.6001
-19.57031	110.6187	110.4102	110.1892
-19.54102	111.2043	110.997	110.7774
-19.51172	111.7889	111.583	111.3647
-19.48242	112.3726	112.168	111.9511
-19.45312	112.9555	112.7522	112.5367
-19.42383	113.5375	113.3355	113.1214
-19.39453	114.1186	113.9179	113.7051
-19.36523	114.6989	114.4994	114.288
-19.33594	115.2783	115.0801	114.8701
-19.30664	115.8567	115.6599	115.4512
-19.27734	116.4344	116.2388	116.0315
-19.24805	117.0111	116.8168	116.6108
-19.21875	117.5869	117.3939	117.1893
-19.18945	118.1619	117.9702	117.7669
-19.16016	118.736	118.5456	118.3437
-19.13086	119.3092	119.1201	118.9195
-19.10156	119.8816	119.6937	119.4945
-19.07227	120.4531	120.2664	120.0686
-19.04297	121.0236	120.8383	120.6418
-19.01367	121.5934	121.4093	121.2141
-18.98438	122.1622	121.9794	121.7855
-18.95508	122.7302	122.5486	122.3561
-18.92578	123.2972	123.1169	122.9258
-18.89648	123.8634	123.6844	123.4946
-18.86719	124.4288	124.251	124.0625
-18.83789	124.9932	124.8167	124.6295
-18.80859	125.5568	125.3815	125.1957
-18.7793	126.1195	125.9454	125.7609
-18.75	126.6813	126.5085	126.3253
-18.7207	127.2422	127.0707	126.8888
-18.69141	127.8023	127.632	127.4514
-18.66211	128.3614	128.1924	128.0132
-18.63281	128.9197	128.7519	128.574
-18.60352	129.4772	129.3106	129.134
-18.57422	130.0337	129.8684	129.6931
-18.54492	130.5894	130.4253	130.2513
-18.51562	131.1442	130.9813	130.8087
-18.48633	131.6981	131.5365	131.3651
-18.45703	132.2511	132.0907	131.9207
-18.42773	132.8033	132.6441	132.4754
-18.39844	133.3546	133.1966	133.0292
-18.36914	133.905	133.7483	133.5821
-18.33984	134.4545	134.299	134.1342
-18.31055	135.0032	134.8489	134.6853
-18.28125	135.5509	135.3979	135.2356
-18.25195	136.0978	135.946	135.785
-18.22266	136.6438	136.4932	136.3335
-18.19336	137.189	137.0396	136.8812
-18.16406	137.7332	137.5851	137.4279
-18.13477	138.2766	138.1297	137.9738
-18.10547	138.8191	138.6734	138.5188
-18.07617	139.3608	139.2162	139.0629
-18.04688	139.9015	139.7582	139.6061
-18.01758	140.4414	140.2992	140.1485
-17.98828	140.9804	140.8394	140.6899
-17.95898	141.5185	141.3788	141.2305
-17.92969	142.0557	141.9172	141.7702
-17.90039	142.5921	142.4548	142.3091
-17.87109	143.1276	142.9914	142.847
-17.8418	143.6622	143.5272	143.3841
-17.8125	144.1959	144.0622	143.9202
-17.7832	144.7288	144.5962	144.4555
-17.75391	145.2608	145.1294	144.99
-17.72461	145.7919	145.6616	145.5235
-17.69531	146.3221	146.1931	146.0561
-17.66602	146.8515	146.7236	146.5879
-17.63672	147.3799	147.2532	147.1188
-17.60742	147.9075	147.782	147.6488
-17.57812	148.4342	148.3099	148.1779
-17.54883	148.9601	148.8369	148.7062
-17.51953	149.485	149.363	149.2335
-17.49023	150.0091	149.8883	149.76
-17.46094	150.5323	150.4126	150.2856
-17.43164	151.0546	150.9361	150.8104
-17.40234	151.5761	151.4587	151.3342
-17.37305	152.0967	151.9805	151.8572
-17.34375	152.6164	152.5013	152.3792
-17.31445	153.1352	153.0213	152.9004
-17.28516	153.6531	153.5404	153.4208
-17.25586	154.1702	154.0586	153.9402
-17.22656	154.6864	154.5759	154.4587
-17.19727	155.2017	155.0924	154.9764
-17.16797	155.7161	155.608	155.4932
-17.13867	156.2297	156.1227	156.0091
-17.10938	156.7423	156.6365	156.5241
-17.08008	157.2541	157.1494	157.0383
-17.05078	157.7651	157.6615	157.5515
-17.02148	158.2751	158.1727	158.0639
-16.99219	158.7843	158.683	158.5754
-16.96289	159.2926	159.1924	159.086
-16.93359	159.8	159.7009	159.5958
-16.9043	160.3065	160.2086	160.1047
-16.875	160.8122	160.7154	160.6126
-16.8457	161.317	161.2213	161.1197
-16.81641	161.8209	161.7263	161.6259
-16.78711	162.3239	162.2305	162.1312
-16.75781	162.826	162.7337	162.6357
-16.72852	163.3273	163.2361	163.1393
-16.69922	163.8277	163.7376	163.6419
-16.66992	164.3272	164.2383	164.1438
-16.64062	164.8259	164.738	164.6447
-16.61133	165.3236	165.2369	165.1448
-16.58203	165.8205	165.7349	165.6439
-16.55273	166.3165	166.232	166.1422
-16.52344	166.8117	166.7282	166.6396
-16.49414	167.3059	167.2236	167.1361
-16.46484	167.7993	167.7181	167.6317
-16.43555	168.2918	168.2117	168.1265
-16.40625	168.7834	168.7044	168.6204
-16.37695	169.2742	169.1962	169.1134
-16.34766	169.764	169.6872	169.6055
-16.31836	170.253	170.1773	170.0967
-16.28906	170.7411	170.6665	170.5871
-16.25977	171.2284	171.1548	171.0766
-16.23047	171.7147	171.6422	171.5652
-16.20117	172.2002	172.1288	172.0529
-16.17188	172.6848	172.6145	172.5397
-16.14258	173.1686	173.0993	173.0256
-16.11328	173.6514	173.5832	173.5107
-16.08398	174.1334	174.0662	173.9948
-16.05469	174.6145	174.5484	174.4781
-16.02539	175.0947	175.0297	174.9606
-15.99609	175.574	175.5101	175.4421
-15.9668	176.0525	175.9897	175.9228
-15.9375	176.5301	176.4683	176.4026
-15.9082	177.0068	176.9461	176.8815
-15.87891	177.4826	177.423	177.3595
-15.84961	177.9576	177.899	177.8366
-15.82031	178.4317	178.3741	178.3129
-15.79102	178.9049	178.8484	178.7882
-15.76172	179.3772	179.3217	179.2627
-15.73242	179.8486	179.7942	179.7363
-15.70312	180.3192	180.2659	180.209
-15.67383	180.7889	180.7366	180.6809
-15.64453	181.2577	181.2064	181.1518
-15.61523	181.7257	181.6754	181.6219
-15.58594	182.1927	182.1435	182.0911
-15.55664	182.6589	182.6108	182.5594
-15.52734	183.1242	183.0771	183.0269
-15.49805	183.5887	183.5426	183.4936
-15.46875	184.0522	184.0072	183.9593
-15.43945	184.5149	184.4709	184.424
-15.41016	184.9767	184.9337	184.8879
-15.38086	185.4376	185.3956	185.3508
-15.35156	185.8976	185.8566	185.8129
-15.32227	186.3568	186.3168	186.2741
-15.29297	186.8151	186.7762	186.7345
-15.26367	187.2725	187.2346	187.1941
-15.23438	187.7291	187.6922	187.6529
-15.20508	188.1847	188.1489	188.1108
-15.17578	188.6395	188.6047	188.5677
-15.14648	189.0934	189.0596	189.0237
-15.11719	189.5464	189.5136	189.4786
-15.08789	189.9985	189.9667	189.9326
-15.05859	190.4498	190.4189	190.3858
-15.0293	190.9002	190.8703	190.8381
-15	191.3497	191.3209	191.2898
-14.9707	191.7984	191.7706	191.7407
-14.94141	192.2462	192.2194	192.1908
-14.91211	192.6931	192.6674	192.64
-14.88281	193.1391	193.1144	193.0881
-14.85352	193.5842	193.5605	193.5352
-14.82422	194.0284	194.0056	193.9812
-14.79492	194.4718	194.4499	194.4263
-14.76562	194.9143	194.8933	194.8706
-14.73633	195.3559	195.3359	195.3142
-14.70703	195.7967	195.7777	195.757
-14.67773	196.2366	196.2186	196.1992
-14.64844	196.6756	196.6587	196.6404
-14.61914	197.1137	197.0978	197.0807
-14.58984	197.5509	197.536	197.52
-14.56055	197.9873	197.9733	197.9583
-14.53125	198.4228	198.4098	198.3958
-14.50195	198.8574	198.8453	198.8323
-14.47266	199.2911	199.28	199.268
-14.44336	199.7239	199.7138	199.7028
-14.41406	200.1559	200.1466	200.1365
-14.38477	200.5869	200.5786	200.5692
-14.35547	201.0171	201.0097	201.001
-14.32617	201.4465	201.44	201.4322
-14.29688	201.875	201.8696	201.8629
-14.26758	202.3027	202.2984	202.2933
-14.23828	202.7295	202.7264	202.7231
-14.20898	203.1554	203.1533	203.1517
-14.17969	203.5802	203.5791	203.5787
-14.15039	204.0042	204.0037	204.0038
-14.12109	204.4272	204.4273	204.4272
-14.0918	204.8494	204.8501	204.8495
-14.0625	205.2709	205.2723	205.2718
-14.0332	205.6916	205.6941	205.6947
-14.00391	206.1115	206.1155	206.1182
-13.97461	206.5306	206.5361	206.5418
-13.94531	206.9486	206.9555	206.9641
-13.91602	207.3656	207.3735	207.384
-13.88672	207.7816	207.79	207.8008
-13.85742	208.1966	208.2052	208.215
-13.82812	208.6108	208.6196	208.6278
-13.79883	209.0242	209.0336	209.0407
-13.76953	209.4371	209.4474	209.4551
-13.74023	209.8492	209.861	209.871
-13.71094	210.2604	210.274	210.2875
-13.68164	210.6707	210.6859	210.7031
-13.65234	211.0799	211.0963	211.1161
-13.62305	211.488	211.505	211.5257
-13.59375	211.8951	211.9124	211.9322
-13.56445	212.3013	212.3187	212.3368
-13.53516	212.7068	212.7246	212.7412
-13.50586	213.1116	213.1301	213.1465
-13.47656	213.5157	213.5355	213.5533
-13.44727	213.919	213.9403	213.9609
-13.41797	214.3214	214.3443	214.3684
-13.38867	214.7228	214.7471	214.7743
-13.35938	215.1232	215.1484	215.1777
-13.33008	215.5225	215.5483	215.578
-13.30078	215.9209	215.9469	215.9756
-13.27148	216.3184	216.3446	216.3714
-13.24219	216.7152	216.7416	216.7668
-13.21289	217.1112	217.1384	217.1632
-13.18359	217.5066	217.5352	217.5616
-13.1543	217.9013	217.9316	217.9619
-13.125	218.295	218.3273	218.3626
-13.0957	218.6876	218.7216	218.7613
-13.06641	219.0791	219.1139	219.1558
-13.03711	219.4693	219.5041	219.5447
-13.00781	219.8586	219.8927	219.929
-12.97852	220.2472	220.2806	220.3118
-12.94922	220.6353	220.6689	220.6971
-12.91992	221.023	221.0581	221.0877
-12.89062	221.4102	221.448	221.4838
-12.86133	221.7964	221.8373	221.8822
-12.83203	222.1813	222.2246	222.2774
-12.80273	222.5647	222.6088	222.6647
-12.77344	222.9467	222.9899	223.0424
-12.74414	223.3278	223.3691	223.4133
-12.71484	223.7083	223.7482	223.7837
-12.68555	224.0886	224.1287	224.1601
-12.65625	224.4686	224.5109	224.5457
-12.62695	224.8481	224.8939	224.9385
-12.59766	225.2265	225.2759	225.3323
-12.56836	225.6033	225.6549	225.7193
-12.53906	225.9786	226.0301	226.0949
-12.50977	226.3526	226.4025	226.4602
-12.48047	226.7259	226.7737	226.8212
-12.45117	227.0989	227.1459	227.186
-12.42188	227.4716	227.52	227.5601
-12.39258	227.8439	227.8955	227.9434
-12.36328	228.2153	228.2705	228.3302
-12.33398	228.5853	228.643	228.7123
-12.30469	228.9537	229.0119	229.0838
-12.27539	229.3209	229.3777	229.4443
-12.24609	229.6871	229.742	229.7989
-12.2168	230.053	230.1069	230.1555
-12.1875	230.4186	230.4734	230.5202
-12.1582	230.7838	230.8413	230.8941
-12.12891	231.1482	231.2092	231.2727
-12.09961	231.5114	231.5751	231.6488
-12.07031	231.873	231.938	232.0163
-12.04102	232.2333	232.2977	232.3738
-12.01172	232.5926	232.6555	232.7246
-11.98242	232.9512	233.013	233.0747
-11.95312	233.3094	233.3711	233.4291
-11.92383	233.6671	233.7301	233.7893
-11.89453	234.0241	234.0892	234.1533
-11.86523	234.3803	234.4474	234.5171
-11.83594	234.7353	234.8041	234.878
-11.80664	235.0894	235.1594	235.2354
-11.77734	235.4425	235.5135	235.5911
-11.74805	235.7946	235.8667	235.9465
-11.71875	236.1457	236.2187	236.3011
-11.68945	236.4957	236.5688	236.6521
-11.66016	236.8445	236.9168	236.9967
-11.63086	237.1924	237.263	237.3348
-11.60156	237.5398	237.609	237.6711
-11.57227	237.887	237.9564	238.0133
-11.54297	238.2341	238.3064	238.3677
-11.51367	238.5808	238.6583	238.7349
-11.48438	238.9264	239.0096	239.1073
-11.45508	239.2701	239.357	239.4716
-11.42578	239.6117	239.6982	239.816
-11.39648	239.9512	240.0334	240.137
-11.36719	240.2897	240.3655	240.4429
-11.33789	240.6283	240.6991	240.7509
-11.30859	240.9676	241.0379	241.0783
-11.2793	241.3077	241.3828	241.4333
-11.25	241.6476	241.7311	241.8096
-11.2207	241.9861	242.078	242.1894
-11.19141	242.3222	242.4188	242.5521
-11.16211	242.6556	242.7514	242.8857
-11.13281	242.9871	243.0775	243.1928
-11.10352	243.3177	243.4014	243.4882
-11.07422	243.6483	243.7275	243.791
-11.04492	243.9795	244.0583	244.1137
-11.01562	244.3109	244.3933	244.4573
-10.98633	244.6419	244.7298	244.8124
-10.95703	244.9717	245.0647	245.1662
-10.92773	245.3	245.3963	245.5101
-10.89844	245.6269	245.7245	245.8425
-10.86914	245.9524	246.0501	246.1669
-10.83984	246.2768	246.3739	246.4867
-10.81055	246.6	246.6958	246.8027
-10.78125	246.9222	247.0159	247.114
-10.75195	247.2435	247.3348	247.4218
-10.72266	247.5644	247.6543	247.7322
-10.69336	247.8854	247.9763	248.0535
-10.66406	248.2064	248.3012	248.3902
-10.63477	248.5268	248.6274	248.737
-10.60547	248.8459	248.9512	249.0798
-10.57617	249.163	249.2695	249.403
-10.54688	249.4781	249.5817	249.7015
-10.51758	249.7921	249.8911	249.9868
-10.48828	250.1059	250.2027	250.2819
-10.45898	250.4201	250.5199	250.606
-10.42969	250.7342	250.8412	250.9585
-10.40039	251.0468	251.1605	251.3146
-10.37109	251.3567	251.4708	251.6379
-10.3418	251.6639	251.7694	251.9063
-10.3125	251.9698	252.0615	252.1331
-10.2832	252.277	252.3589	252.3669
-10.25391	252.5873	252.6726	252.6662
-10.22461	252.9002	253.005	253.0601
-10.19531	253.2128	253.3456	253.5201
-10.16602	253.5208	253.6749	253.9648
-10.13672	253.8212	253.9752	254.3024
-10.10742	254.1145	254.2424	254.4885
-10.07812	254.4051	254.4918	254.565
-10.04883	254.6993	254.7517	254.6478
-10.01953	255.0018	255.0481	254.867
-9.990234	255.3127	255.3888	255.2891
-9.960938	255.6268	255.7562	255.8689
-9.931641	255.9359	256.1148	256.4633
-9.902344	256.2336	256.4306	256.9062
-9.873047	256.5191	256.6914	257.1064
-9.84375	256.7977	256.9149	257.108
-9.814453	257.0781	257.1401	257.0712
-9.785156	257.3678	257.4053	257.1811
-9.755859	257.6685	257.7256	257.5402
-9.726562	257.975	258.0841	258.1076
-9.697266	258.2788	258.4419	258.7214
-9.667969	258.5728	258.7612	259.1938
-9.638672	258.8555	259.0281	259.4249
-9.609375	259.1318	259.2601	259.4632
-9.580078	259.4094	259.4946	259.4737
-9.550781	259.6944	259.7651	259.6324
-9.521484	259.9869	260.0804	260.0164
-9.492188	260.2816	260.419	260.5563
-9.462891	260.5711	260.7436	261.0805
-9.433594	260.8509	261.0254	261.4241
-9.404297	261.1225	261.2628	261.5375
-9.375	261.3925	261.4839	261.5223
-9.345703	261.6686	261.7287	261.5693
-9.316406	261.9546	262.0241	261.8394
-9.287109	262.2476	262.3657	262.3601
-9.257812	262.5396	262.7191	263.0012
-9.228516	262.8218	263.0392	263.5475
-9.199219	263.0903	263.2979	263.828
-9.169922	263.3484	263.5018	263.8255
-9.140625	263.6051	263.69	263.6931
-9.111328	263.87	263.9109	263.6646
-9.082031	264.1477	264.1946	263.9145
-9.052734	264.4349	264.5343	264.4545
-9.023438	264.7229	264.8904	265.1254
-8.994141	265.0022	265.2148	265.6919
-8.964844	265.2683	265.4793	265.9878
-8.935547	265.5243	265.6928	266.0193
-8.90625	265.7783	265.894	265.9579
-8.876953	266.0382	266.1253	266.0221
-8.847656	266.3063	266.4046	266.3319
-8.818359	266.5786	266.7144	266.8291
-8.789062	266.8474	267.015	267.32
-8.759766	267.108	267.2743	267.6148
-8.730469	267.3619	267.4928	267.6714
-8.701172	267.6165	267.7057	267.6392
-8.671875	267.8793	267.9587	267.7615
-8.642578	268.1522	268.2731	268.1992
-8.613281	268.4281	268.6246	268.8972
-8.583984	268.6951	268.9539	269.5894
-8.554688	268.944	269.204	269.9597
-8.525391	269.1755	269.3619	269.8637
-8.496094	269.4017	269.4742	269.4546
-8.466797	269.6392	269.6232	269.111
-8.4375	269.8994	269.8775	269.2074
-8.408203	270.1805	270.2471	269.8787
-8.378906	270.4676	270.6725	270.9217
-8.349609	270.7415	271.0583	271.8983
-8.320312	270.9894	271.3295	272.3942
-8.291016	271.2125	271.4763	272.2767
-8.261719	271.4252	271.5584	271.7732
-8.232422	271.6458	271.6669	271.3136
-8.203125	271.8862	271.8692	271.2609
-8.173828	272.1463	272.1744	271.7129
-8.144531	272.4156	272.5361	272.4855
-8.115234	272.6808	272.8879	273.2592
-8.085938	272.9337	273.1841	273.7839
-8.056641	273.174	273.4196	274.0067
-8.027344	273.4063	273.6199	274.0484
-7.998047	273.636	273.8143	274.0712
-7.96875	273.8652	274.0157	274.156
-7.939453	274.0939	274.2203	274.2814
-7.910156	274.3228	274.4241	274.3984
-7.880859	274.5549	274.6366	274.5189
-7.851562	274.7944	274.8779	274.7296
-7.822266	275.0423	275.1608	275.1165
-7.792969	275.2944	275.4736	275.6672
-7.763672	275.5422	275.78	276.2408
-7.734375	275.7777	276.0398	276.6452
-7.705078	275.9992	276.2368	276.7716
-7.675781	276.2117	276.3904	276.6797
-7.646484	276.4247	276.5438	276.5605
-7.617188	276.6453	276.7343	276.6019
-7.587891	276.8749	276.9709	276.8632
-7.558594	277.1091	277.233	277.2528
-7.529297	277.3427	277.4917	277.6209
-7.5	277.5734	277.7342	277.8903
-7.470703	277.8027	277.9712	278.1147
-7.441406	278.0328	278.2213	278.415
-7.412109	278.2627	278.4864	278.8444
-7.382812	278.4867	278.7409	279.3011
-7.353516	278.6991	278.9469	279.5746
-7.324219	278.899	279.0862	279.5084
-7.294922	279.0942	279.1847	279.1575
-7.265625	279.2979	279.3069	278.8086
-7.236328	279.5209	279.5195	278.8272
-7.207031	279.7642	279.8463	279.426
-7.177734	280.0159	280.2448	280.4984
-7.148438	280.2571	280.6217	281.6249
-7.119141	280.4718	280.8821	282.2796
-7.089844	280.6567	280.9858	282.1401
-7.060547	280.824	280.9762	281.3125
-7.03125	280.9961	280.9636	280.3067
-7.001953	281.1944	281.07	279.7766
-6.972656	281.4275	281.3646	280.1808
-6.943359	281.6857	281.8204	281.526
-6.914062	281.944	282.3172	283.2944
-6.884766	282.1743	282.6959	284.6332
-6.855469	282.3604	282.8437	284.8072
-6.826172	282.509	282.7682	283.6933
-6.796875	282.6492	282.6112	281.9497
-6.767578	282.8184	282.5815	280.6857
-6.738281	283.0405	282.8371	280.8432
-6.708984	283.3092	283.3795	282.6323
-6.679688	283.5871	284.0275	285.2787
-6.650391	283.8256	284.505	287.3016
-6.621094	283.9952	284.6108	287.3935
-6.591797	284.1076	284.3657	285.4175
-6.5625	284.2134	284.0268	282.6413
-6.533203	284.3725	283.9395	280.9374
-6.503906	284.6151	284.3162	281.6152
-6.474609	284.9175	285.0815	284.6045
-6.445312	285.2131	285.891	288.3128
-6.416016	285.4332	286.3361	290.4127
-6.386719	285.5539	286.2209	289.4451
-6.357422	285.6155	285.7157	286.0494
-6.328125	285.6994	285.2597	282.5416
-6.298828	285.8756	285.2747	281.2721
-6.269531	286.1552	285.8876	283.1979
-6.240234	286.4816	286.8388	287.3399
-6.210938	286.7662	287.6395	291.2127
-6.181641	286.947	287.8927	292.3316
-6.152344	287.0296	287.5656	290.0859
-6.123047	287.0824	287.0088	286.2386
-6.09375	287.1895	286.7065	283.4846
-6.064453	287.3946	286.9505	283.5726
-6.035156	287.6746	287.6612	286.3729
-6.005859	287.9589	288.46	290.0615
-5.976562	288.18	288.9357	292.2645
-5.947266	288.318	288.9256	291.7181
-5.917969	288.4105	288.6101	289.1927
-5.888672	288.5209	288.3584	286.7569
-5.859375	288.6927	288.4558	286.155
-5.830078	288.9212	288.9172	287.7049
-5.800781	289.1617	289.5028	290.2561
-5.771484	289.3647	289.9078	292.0485
-5.742188	289.5117	289.9831	291.985
-5.712891	289.6254	289.8283	290.413
-5.683594	289.7494	289.6967	288.736
-5.654297	289.9155	289.7998	288.2681
-5.625	290.1223	290.1613	289.3306
-5.595703	290.3394	290.619	291.1398
-5.566406	290.532	290.9576	292.4366
-5.537109	290.6863	291.0698	292.4358
-5.507812	290.8173	291.0265	291.4028
-5.478516	290.9548	291.0094	290.3808
-5.449219	291.1194	291.1648	290.3369
-5.419922	291.3071	291.4924	291.4356
-5.390625	291.4928	291.8464	292.9165
-5.361328	291.6507	292.0472	293.6405
-5.332031	291.7752	292.0235	292.9717
-5.302734	291.8884	291.8797	291.3368
-5.273438	292.0265	291.8362	289.9789
-5.244141	292.2145	292.0792	290.1128
-5.214844	292.4454	292.6201	292.0912
-5.185547	292.6794	293.2587	295.036
-5.15625	292.8656	293.6876	297.1925
-5.126953	292.9744	293.688	297.0337
-5.097656	293.0205	293.2921	294.4557
-5.068359	293.0597	292.7906	290.9805
-5.039062	293.158	292.5694	288.7549
-5.009766	293.3516	292.8741	289.2542
-4.980469	293.622	293.6484	292.4668
-4.951172	293.903	294.5453	296.7548
-4.921875	294.1197	295.1239	299.5964
-4.892578	294.2341	295.1289	299.2257
-4.863281	294.2693	294.6648	296.0469
-4.833984	294.295	294.1284	292.3445
-4.804688	294.3812	293.9412	290.5651
-4.775391	294.5536	294.2726	291.7509
-4.746094	294.779	294.9362	294.9919
-4.716797	294.9912	295.5262	297.9677
-4.6875	295.1407	295.712	298.5103
-4.658203	295.2311	295.4879	296.3414
-4.628906	295.3159	295.1842	293.3812
-4.599609	295.4557	295.2177	292.2508
-4.570312	295.6678	295.7641	294.346
-4.541016	295.9049	296.5885	298.7288
-4.511719	296.0838	297.1701	302.3789
-4.482422	296.146	297.069	302.1753
-4.453125	296.1091	296.2862	297.5846
-4.423828	296.0683	295.3288	291.3563
-4.394531	296.1407	294.9081	287.4832
-4.365234	296.388	295.4828	288.7482
-4.335938	296.767	296.9322	295.3389
-4.306641	297.1439	298.5545	304.215
-4.277344	297.37	299.4406	309.9053
-4.248047	297.3746	299.0573	308.1649
-4.21875	297.2147	297.6366	299.9312
-4.189453	297.046	296.0474	290.4811
-4.160156	297.0329	295.256	285.0916
-4.130859	297.2536	295.7759	286.3817
-4.101562	297.6546	297.4004	293.9294
-4.072266	298.0817	299.3039	304.2116
-4.042969	298.3676	300.4824	311.357
-4.013672	298.4272	300.3462	310.7083
-3.984375	298.3042	299.087	302.9651
-3.955078	298.1411	297.5339	293.449
-3.925781	298.0946	296.6251	287.5575
-3.896484	298.2486	296.8893	287.9583
-3.867188	298.5717	298.201	294.3416
-3.837891	298.9387	299.8626	303.5854
-3.808594	299.2025	300.9726	310.4092
-3.779297	299.2779	300.9407	310.3103
-3.75	299.1905	299.8571	303.3775
-3.720703	299.0619	298.4436	294.2696
-3.691406	299.0405	297.6201	288.4088
-3.662109	299.2146	297.9808	289.0526
-3.632812	299.5563	299.4537	296.4416
-3.603516	299.9298	301.278	307.2101
-3.574219	300.1648	302.3703	314.6477
-3.544922	300.1614	301.9911	312.8215
-3.515625	299.9632	300.3019	302.3649
-3.486328	299.7458	298.3439	290.116
-3.457031	299.7188	297.4205	283.3624
-3.427734	299.9937	298.3172	286.2755
-3.398438	300.498	300.7738	298.9797
-3.369141	300.9968	303.4578	315.6701
-3.339844	301.2256	304.6397	324.5876
-3.310547	301.0669	303.3887	317.287
-3.28125	300.6491	300.3859	298.7974
-3.251953	300.2861	297.5402	281.8316
-3.222656	300.2859	296.7506	275.6804
-3.193359	300.7467	298.7674	284.0427
-3.164062	301.4707	302.6531	305.2459
-3.134766	302.0645	306.0771	328.1573
-3.105469	302.1858	306.6879	334.0685
-3.076172	301.7838	303.9324	316.4753
-3.046875	301.1551	299.6132	290.307
-3.017578	300.7593	296.5515	272.7983
-2.988281	300.9216	296.7354	271.5554
-2.958984	301.6178	300.2398	287.7755
-2.929688	302.4753	305.0886	316.0868
-2.900391	303.0008	308.2011	338.6857
-2.871094	302.9056	307.4577	335.1606
-2.841797	302.3047	303.4319	309.0538
-2.8125	301.6381	298.903	282.5809
-2.783203	301.3751	296.7228	270.4065
-2.753906	301.7165	298.1166	275.8055
-2.724609	302.4815	302.2017	296.4897
-2.695312	303.234	306.4849	322.8736
-2.666016	303.5658	308.3057	336.5423
-2.636719	303.3557	306.6939	326.1794
-2.607422	302.8267	303.0414	302.712
-2.578125	302.3719	299.8563	284.2312
-2.548828	302.2915	298.9582	279.1721
-2.519531	302.6253	300.5762	287.2866
-2.490234	303.1655	303.5016	303.4886
-2.460938	303.6155	305.9211	318.461
-2.431641	303.78	306.5483	322.6162
-2.402344	303.6639	305.3853	314.6239
-2.373047	303.4304	303.5122	302.3684
-2.34375	303.2702	302.167	294.1534
-2.314453	303.2852	301.9647	293.0019
-2.285156	303.4554	302.7363	297.4461
-2.255859	303.6868	303.8627	303.9664
-2.226562	303.8858	304.7453	309.0531
-2.197266	304.006	305.1059	310.8419
-2.167969	304.0492	304.9879	309.575
-2.138672	304.0398	304.5732	306.583
-2.109375	304.0068	304.0402	303.085
-2.080078	303.9829	303.5651	300.0064
-2.050781	304.0087	303.3748	298.4438
-2.021484	304.118	303.6921	299.6849
-1.992188	304.3078	304.5461	304.2803
-1.962891	304.5169	305.5992	310.6647
-1.933594	304.6456	306.2182	314.859
-1.904297	304.619	305.8662	312.9622
-1.875	304.4537	304.574	305.0135
-1.845703	304.2729	303.0713	295.592
-1.816406	304.2416	302.3961	290.5131
-1.787109	304.4556	303.2303	293.6783
-1.757812	304.858	305.3661	305.2701
-1.728516	305.248	307.6425	319.8132
-1.699219	305.3963	308.5529	326.8827
-1.669922	305.2	307.3033	319.6026
-1.640625	304.7711	304.5039	302.6935
-1.611328	304.3844	301.8209	287.1594
-1.582031	304.3141	300.9167	281.0181
-1.552734	304.6612	302.4986	287.467
-1.523438	305.2801	305.8927	305.486
-1.494141	305.8493	309.2512	327.0579
-1.464844	306.0565	310.523	336.9819
-1.435547	305.7907	308.8389	326.2292
-1.40625	305.2158	305.1886	303.5587
-1.376953	304.6757	301.7074	284.1608
-1.347656	304.4963	300.3241	276.4755
-1.318359	304.8048	301.818	282.8214
-1.289062	305.4594	305.5032	302.2268
-1.259766	306.1204	309.431	327.1795
-1.230469	306.4329	311.289	340.9
-1.201172	306.233	309.8762	330.9526
-1.171875	305.6523	306.0452	305.815
-1.142578	305.049	302.1244	283.4636
-1.113281	304.8017	300.4123	274.358
-1.083984	305.0874	301.9633	281.6551
-1.054688	305.7664	306.0481	304.445
-1.025391	306.4439	310.2949	332.7629
-0.9960938	306.6996	311.8806	344.777
-0.9667969	306.3648	309.567	327.9451
-0.9375	305.6559	304.8325	297.4181
-0.9082031	305.0508	300.7922	274.8601
-0.8789062	304.9823	300.0756	270.3041
-0.8496094	305.5494	303.3485	286.3137
-0.8203125	306.4283	308.8263	319.3029
-0.7910156	307.0559	312.9424	349.5029
-0.7617188	307.0008	312.6368	347.825
-0.7324219	306.2785	307.9514	315.1651
-0.703125	305.3607	302.0857	280.9764
-0.6738281	304.8619	298.8441	264.5574
-0.6445312	305.132	300.2402	270.3536
-0.6152344	306.0254	305.555	297.913
-0.5859375	306.9841	311.5505	336.8157
-0.5566406	307.3966	314.1767	357.192
-0.5273438	307.0145	311.6024	337.8119
-0.4980469	306.1211	305.8234	299.7756
-0.46875	305.3218	300.844	273.0408
-0.4394531	305.1253	299.6659	267.8472
-0.4101562	305.6242	302.747	283.6866
-0.3808594	306.4615	308.0076	314.6081
-0.3515625	307.082	311.967	342.2629
-0.3222656	307.1069	312.0086	342.7565
-0.2929688	306.5765	308.3935	317.0072
-0.2636719	305.8922	303.891	289.235
-0.234375	305.5186	301.4726	276.2719
-0.2050781	305.6785	302.442	281.4285
-0.1757812	306.2364	305.982	301.4826
-0.1464844	306.8132	309.7602	326.2159
-0.1171875	307.0413	311.3298	338.092
-0.08789062	306.7944	309.7725	327.3733
-0.05859375	306.2474	306.2739	304.6006
-0.02929688	305.7429	303.0835	286.3012
0	305.5748	301.9862	280.4535
0.02929688	305.8292	303.4685	287.9109
0.05859375	306.3552	306.6676	305.8226
0.08789062	306.8589	309.8196	326.0354
0.1171875	307.0643	311.1425	335.3896
0.1464844	306.8601	309.8897	326.6026
0.1757812	306.356	306.8216	307.0486
0.2050781	305.82	303.6627	289.6303
0.234375	305.5341	302.0625	281.8976
0.2636719	305.6476	302.8144	285.9181
0.2929688	306.0972	305.5465	300.6515
0.3222656	306.6352	308.8284	320.4215
0.3515625	306.9589	310.8029	333.3452
0.3808594	306.883	310.2887	329.3088
0.4101562	306.4512	307.6217	311.7686
0.4394531	305.911	304.4219	293.494
0.46875	305.5647	302.5005	283.9621
0.4980469	305.5931	302.8425	286.2411
0.5273438	305.9565	305.1832	299.2306
0.5566406	306.4245	308.1645	317.329
0.5859375	306.7131	310.0321	329.708
0.6152344	306.6518	309.6826	327.1332
0.6445312	306.2788	307.3874	311.9942
0.6738281	305.8088	304.5543	295.2995
0.703125	305.5021	302.7804	285.8873
0.7324219	305.5194	302.9919	287.0999
0.7617188	305.84	305.0704	298.5898
0.7910156	306.2755	307.9148	316.0343
0.8203125	306.5684	309.9162	329.6027
0.8496094	306.5304	309.8289	328.9786
0.8789062	306.151	307.5956	314.1744
0.9082031	305.6134	304.437	295.6335
0.9375	305.201	302.1061	283.5456
0.9667969	305.1431	301.9185	282.8489
0.9960938	305.4798	304.0905	294.5244
1.025391	306.0225	307.5271	314.8622
1.054688	306.4446	310.2247	332.3274
1.083984	306.4722	310.4315	332.9055
1.113281	306.0621	307.9504	315.839
1.142578	305.4399	304.3534	294.8795
1.171875	304.9603	301.8384	282.7621
1.201172	304.8811	301.8064	284.2009
1.230469	305.2027	304.1114	297.8205
1.259766	305.6747	307.1786	316.2421
1.289062	305.9675	308.9617	326.7736
1.318359	305.8971	308.3764	321.3368
1.347656	305.5429	306.1126	306.0638
1.376953	305.1702	303.992	293.893
1.40625	305.0201	303.4998	292.5724
1.435547	305.1329	304.7505	301.693
1.464844	305.3335	306.5022	313.812
1.494141	305.383	307.1408	318.3197
1.523438	305.1792	306.0018	310.7276
1.552734	304.8443	303.9478	297.6407
1.582031	304.6303	302.6558	289.5736
1.611328	304.7164	303.2935	292.7543
1.640625	305.057	305.6239	306.5684
1.669922	305.3975	308.0666	322.5398
1.699219	305.4519	308.76	327.6241
1.728516	305.1152	307.01	316.5982
1.757812	304.548	303.8798	298.3514
1.787109	304.0692	301.3465	285.2325
1.816406	303.9402	300.9058	283.5274
1.845703	304.2	302.7251	293.4196
1.875	304.6519	305.6459	310.1196
1.904297	304.9983	307.8967	323.9409
1.933594	305.0285	308.2055	325.5168
1.962891	304.7332	306.5951	314.923
1.992188	304.2803	304.198	301.054
2.021484	303.8876	302.3359	291.9846
2.050781	303.6971	301.7361	290.276
2.080078	303.7245	302.3574	294.634
2.109375	303.8895	303.6647	302.2466
2.138672	304.0797	305.0071	309.9157
2.167969	304.1996	305.8723	314.7146
2.197266	304.1915	305.979	314.8317
2.226562	304.04	305.2946	310.3629
2.255859	303.7776	304.0537	303.3253
2.285156	303.486	302.7459	296.7647
2.314453	303.273	301.973	293.6107
2.34375	303.2202	302.1603	295.6951
2.373047	303.3267	303.252	302.6898
2.402344	303.4921	304.6146	311.1104
2.431641	303.5672	305.3329	315.2338
2.460938	303.4515	304.8254	311.4515
2.490234	303.1703	303.3334	302.1386
2.519531	302.8683	301.8211	293.7136
2.548828	302.7136	301.322	291.6874
2.578125	302.7766	302.2191	297.7969
2.607422	302.9703	303.9272	308.9139
2.636719	303.101	305.2004	317.3771
2.666016	303.0023	304.979	315.9255
2.695312	302.6598	303.221	304.9839
2.724609	302.2341	300.994	292.3409
2.753906	301.9573	299.7329	285.9335
2.783203	301.977	300.291	289.5283
2.8125	302.2516	302.3939	302.0481
2.841797	302.5673	304.7351	316.7663
2.871094	302.6708	305.7366	323.1344
2.900391	302.4343	304.6294	315.6268
2.929688	301.9417	302.0352	300.017
2.958984	301.4367	299.5112	286.7909
2.988281	301.1687	298.505	282.6647
3.017578	301.242	299.5355	289.2557
3.046875	301.556	301.9507	303.7805
3.076172	301.8669	304.2626	318.314
3.105469	301.9347	304.9904	322.5398
3.134766	301.6673	303.6268	312.9961
3.164062	301.1757	300.9908	297.0404
3.193359	300.7037	298.6482	284.833
3.222656	300.4811	297.9319	282.2387
3.251953	300.5891	299.234	290.5012
3.28125	300.9098	301.7975	306.4609
3.310547	301.1893	304.0393	321.1133
3.339844	301.184	304.4241	323.1956
3.369141	300.8127	302.5101	310.2336
3.398438	300.2188	299.328	291.6271
3.427734	299.6951	296.7207	278.5048
3.457031	299.5139	296.2352	276.9403
3.486328	299.7593	298.2898	288.6083
3.515625	300.2588	301.8554	310.1381
3.544922	300.6627	304.7973	329.3033
3.574219	300.6451	305.0749	330.072
3.603516	300.1149	302.2413	310.7401
3.632812	299.2923	297.8751	286.3224
3.662109	298.5877	294.4739	270.8064
3.691406	298.3587	293.9245	269.7962
3.720703	298.6963	296.5793	284.1848
3.75	299.3603	301.036	310.0013
3.779297	299.9062	304.664	332.9118
3.808594	299.9461	305.1056	333.895
3.837891	299.3903	302.0101	312.0063
3.867188	298.5046	297.3135	285.7407
3.896484	297.7395	293.7417	270.2202
3.925781	297.4561	293.1081	269.8814
3.955078	297.7248	295.5383	283.8579
3.984375	298.2996	299.5323	306.8834
4.013672	298.7714	302.6924	326.042
4.042969	298.8122	303.1067	326.8158
4.072266	298.3644	300.6457	309.4875
4.101562	297.6557	296.963	288.6487
4.130859	297.04	294.2053	276.4486
4.160156	296.7816	293.6939	276.5396
4.189453	296.9182	295.4004	287.3834
4.21875	297.2645	298.135	303.6298
4.248047	297.5366	300.219	315.9855
4.277344	297.5191	300.4418	316.189
4.306641	297.1796	298.7817	305.0411
4.335938	296.6679	296.3146	291.2364
4.365234	296.2121	294.4209	282.6779
4.394531	295.9847	293.9772	282.3755
4.423828	296.0174	295.0014	289.423
4.453125	296.1987	296.7555	300.0383
4.482422	296.3474	298.1695	308.3297
4.511719	296.3141	298.4259	309.2918
4.541016	296.059	297.4103	302.8378
4.570312	295.6634	295.7198	293.6642
4.599609	295.2747	294.2418	286.9894
4.628906	295.022	293.6378	285.4957
4.658203	294.9509	294.0461	289.0873
4.6875	295.0091	295.0859	295.566
4.716797	295.0842	296.0995	301.4523
4.746094	295.0677	296.5113	303.5947
4.775391	294.9103	296.1228	301.1731
4.804688	294.6389	295.1728	296.1236
4.833984	294.3306	294.1396	291.4097
4.863281	294.0665	293.4513	289.0801
4.892578	293.8915	293.2893	289.599
4.921875	293.8014	293.5613	292.1486
4.951172	293.7555	294.002	295.2205
4.980469	293.7021	294.3229	297.2812
5.009766	293.6029	294.34	297.4441
5.039062	293.4458	294.0339	295.8519
5.068359	293.245	293.5342	293.4991
5.097656	293.0317	293.0436	291.6294
5.126953	292.8379	292.738	291.1103
5.15625	292.6807	292.6775	292.0375
5.185547	292.553	292.7706	293.6515
5.214844	292.4274	292.82	294.6785
5.244141	292.2746	292.6468	294.1194
5.273438	292.0854	292.2262	292.0537
5.302734	291.8826	291.7355	289.7485
5.332031	291.7088	291.4554	288.8836
5.361328	291.5953	291.5717	290.4293
5.390625	291.5323	292.0055	293.8115
5.419922	291.4643	292.4055	296.8803
5.449219	291.321	292.3496	297.1268
5.478516	291.0664	291.648	293.6765
5.507812	290.7335	290.5279	288.2291
5.537109	290.4143	289.5349	283.9081
5.566406	290.2074	289.2055	283.2886
5.595703	290.1535	289.723	287.0636
5.625	290.2024	290.7656	293.4871
5.654297	290.2353	291.6512	298.7761
5.683594	290.1339	291.7369	299.2637
5.712891	289.8538	290.8417	294.3633
5.742188	289.4539	289.3792	287.1303
5.771484	289.0624	288.0916	281.7218
5.800781	288.8002	287.5951	280.7835
5.830078	288.7114	288.0384	284.5266
5.859375	288.7407	289.0417	290.8133
5.888672	288.7694	289.9209	295.9459
5.917969	288.6857	290.0886	296.7173
5.947266	288.4488	289.4038	292.7997
5.976562	288.1069	288.234	286.932
6.005859	287.7624	287.1939	282.6423
6.035156	287.5085	286.7615	282.0263
6.064453	287.3763	287.0191	284.9816
6.09375	287.3217	287.6384	289.4593
6.123047	287.2576	288.0935	292.4854
6.152344	287.1091	287.9879	291.9894
6.181641	286.8594	287.3015	288.3368
6.210938	286.5586	286.3942	284.0028
6.240234	286.2895	285.763	281.7278
6.269531	286.1136	285.7223	282.8725
6.298828	286.0294	286.2026	286.7435
6.328125	285.9715	286.7805	290.8308
6.357422	285.8496	286.9334	292.159
6.386719	285.608	286.3834	289.4313
6.416016	285.2654	285.3022	284.1495
6.445312	284.9085	284.2201	279.4697
6.474609	284.641	283.6984	278.0957
6.503906	284.5184	283.9854	280.911
6.533203	284.5099	284.85	286.5209
6.5625	284.5119	285.689	291.617
6.591797	284.4072	285.8728	292.7356
6.621094	284.1367	285.146	288.8739
6.650391	283.7378	283.8045	282.377
6.679688	283.3233	282.5102	277.0167
6.708984	283.0153	281.8857	275.5346
6.738281	282.8736	282.1611	278.5158
6.767578	282.8617	283.055	284.2817
6.796875	282.8692	283.9338	289.4614
6.826172	282.7771	284.1762	290.7551
6.855469	282.5269	283.548	287.3243
6.884766	282.1524	282.3375	281.4436
6.914062	281.7567	281.1547	276.6059
6.943359	281.4483	280.5524	275.2451
6.972656	281.2792	280.719	277.7499
7.001953	281.2178	281.3972	282.4993
7.03125	281.1714	282.0454	286.5699
7.060547	281.0428	282.1568	287.3333
7.089844	280.7871	281.5619	284.2922
7.119141	280.4362	280.5214	279.4156
7.148438	280.0771	279.5482	275.5841
7.177734	279.798	279.0915	274.7833
7.207031	279.6369	279.2836	277.252
7.236328	279.5603	279.8762	281.4684
7.265625	279.4841	280.3855	284.8178
7.294922	279.3232	280.3743	285.0649
7.324219	279.0422	279.7157	281.9236
7.353516	278.6759	278.6685	277.2512
7.382812	278.3089	277.7146	273.6592
7.412109	278.026	277.2736	272.9497
7.441406	277.8638	277.4714	275.3602
7.470703	277.79	278.0758	279.5139
7.5	277.7213	278.6233	282.973
7.529297	277.5711	278.6783	283.5474
7.558594	277.298	278.086	280.784
7.587891	276.9287	277.0604	276.2798
7.617188	276.5421	276.0498	272.4812
7.646484	276.2242	275.4749	271.1995
7.675781	276.0212	275.5058	272.8543
7.705078	275.9154	275.9841	276.4127
7.734375	275.8373	276.5169	279.8311
7.763672	275.7047	276.6919	281.0741
7.792969	275.4676	276.3061	279.3818
7.822266	275.1338	275.4725	275.7652
7.851562	274.7618	274.5392	272.2232
7.880859	274.4262	273.8823	270.4674
7.910156	274.177	273.7032	271.1205
7.939453	274.0148	273.9377	273.5725
7.96875	273.8932	274.3064	276.3144
7.998047	273.747	274.4738	277.6952
8.027344	273.5284	274.2336	276.8814
8.056641	273.2316	273.617	274.3668
8.085938	272.8935	272.8602	271.5729
8.115234	272.5703	272.2568	269.9123
8.144531	272.3052	271.9927	270.044
8.173828	272.1058	272.0537	271.636
8.203125	271.942	272.2459	273.59
8.232422	271.765	272.313	274.6341
8.261719	271.5361	272.0833	274.0661
8.291016	271.2479	271.5647	272.1766
8.320312	270.9271	270.9299	270.0081
8.349609	270.617	270.4069	268.6673
8.378906	270.3522	270.146	268.7078
8.408203	270.139	270.1398	269.8923
8.4375	269.9534	270.236	271.3591
8.466797	269.756	270.2303	272.1075
8.496094	269.5155	269.9857	271.5883
8.525391	269.2261	269.5086	270.0276
8.554688	268.9094	268.9371	268.2405
8.583984	268.6011	268.4535	267.0983
8.613281	268.3292	268.1783	267.0399
8.642578	268.0996	268.1072	267.8808
8.671875	267.8934	268.1219	268.9531
8.701172	267.6798	268.0637	269.492
8.730469	267.4338	267.8256	269.0814
8.759766	267.1499	267.4098	267.8857
8.789062	266.8438	266.9182	266.5081
8.818359	266.5417	266.4865	265.596
8.847656	266.2649	266.2038	265.4712
8.876953	266.0175	266.0661	265.9846
8.90625	265.7862	265.9856	266.6322
8.935547	265.5487	265.847	266.8602
8.964844	265.2876	265.5769	266.3959
8.994141	265.0003	265.1848	265.4015
9.023438	264.7	264.7533	264.3511
9.052734	264.4067	264.3847	263.7257
9.082031	264.1349	264.1392	263.7308
9.111328	263.885	263.9995	264.1895
9.140625	263.6431	263.8831	264.652
9.169922	263.3896	263.6923	264.6634
9.199219	263.111	263.3732	264.0414
9.228516	262.8083	262.9483	262.9877
9.257812	262.4965	262.5031	261.9578
9.287109	262.1959	262.1352	261.386
9.316406	261.9203	261.8981	261.441
9.345703	261.669	261.7701	261.9384
9.375	261.4269	261.6677	262.446
9.404297	261.1733	261.493	262.5263
9.433594	260.8934	261.1887	261.9887
9.462891	260.5864	260.7694	260.9931
9.492188	260.2656	260.3108	259.9405
9.521484	259.9504	259.9051	259.2334
9.550781	259.6561	259.6104	259.0613
9.580078	259.3856	259.4228	259.3224
9.609375	259.1291	259.2831	259.7014
9.638672	258.8702	259.1132	259.8512
9.667969	258.595	258.8584	259.5804
9.697266	258.299	258.5134	258.9392
9.726562	257.9879	258.1181	258.1592
9.755859	257.6736	257.7301	257.5005
9.785156	257.3667	257.3921	257.11
9.814453	257.0717	257.1126	256.9687
9.84375	256.7861	256.8697	256.9384
9.873047	256.5034	256.6294	256.8635
9.902344	256.2174	256.367	256.66
9.931641	255.9254	256.0778	256.3423
9.960938	255.6282	255.7724	255.9825
9.990234	255.3282	255.4638	255.6415
10.01953	255.0266	255.1567	255.3259
10.04883	254.7231	254.8455	254.9956
10.07812	254.4164	254.5231	254.6123
10.10742	254.107	254.1904	254.1851
10.13672	253.7973	253.8602	253.778
10.16602	253.4913	253.5504	253.471
10.19531	253.1915	253.2717	253.3007
10.22461	252.8973	253.0173	253.2233
10.25391	252.6038	252.7642	253.127
10.2832	252.3047	252.4836	252.893
10.3125	251.9952	252.1585	252.4669
10.3418	251.6751	251.7939	251.8974
10.37109	251.3495	251.416	251.3135
10.40039	251.0259	251.0584	250.8544
10.42969	250.7105	250.7441	250.5939
10.45898	250.405	250.4731	250.5012
10.48828	250.1054	250.2229	250.4595
10.51758	249.8048	249.961	250.3299
10.54688	249.4964	249.6622	250.0261
10.57617	249.1776	249.3212	249.5567
10.60547	248.8506	248.954	249.0135
10.63477	248.5209	248.5873	248.5154
10.66406	248.1944	248.2441	248.1437
10.69336	247.874	247.9322	247.9049
10.72266	247.5589	247.6422	247.737
10.75195	247.2454	247.3547	247.551
10.78125	246.9291	247.0521	247.2812
10.81055	246.6076	246.7272	246.9168
10.83984	246.2811	246.3854	246.499
10.86914	245.9519	246.0398	246.0898
10.89844	245.6229	245.7021	245.7339
10.92773	245.2955	245.3765	245.4357
10.95703	244.9693	245.0584	245.163
10.98633	244.6427	244.7387	244.872
11.01562	244.314	244.4098	244.5357
11.04492	243.9825	244.071	244.1597
11.07422	243.6491	243.7281	243.7765
11.10352	243.3157	243.3895	243.4238
11.13281	242.9836	243.0608	243.1196
11.16211	242.6529	242.7406	242.8505
11.19141	242.3221	242.4215	242.5795
11.2207	241.9891	242.0938	242.2667
11.25	241.6522	241.7516	241.8938
11.2793	241.3113	241.3961	241.475
11.30859	240.9681	241.0357	241.0506
11.33789	240.6249	240.6814	240.665
11.36719	240.2841	240.3411	240.3434
11.39648	239.9462	240.0151	240.0776
11.42578	239.61	239.6962	239.8303
11.45508	239.2729	239.373	239.554
11.48438	238.9323	239.0357	239.2157
11.51367	238.5869	238.6812	238.8131
11.54297	238.2373	238.3142	238.3754
11.57227	237.8856	237.9453	237.9473
11.60156	237.5346	237.5848	237.5666
11.63086	237.1861	237.2382	237.2457
11.66016	236.8402	236.9038	236.9672
11.68945	236.4954	236.5736	236.6942
11.71875	236.1494	236.2379	236.3897
11.74805	235.8003	235.8899	236.0344
11.77734	235.4471	235.529	235.6343
11.80664	235.0909	235.1601	235.2161
11.83594	234.7332	234.791	234.8114
11.86523	234.3759	234.4283	234.4413
11.89453	234.0199	234.0743	234.1074
11.92383	233.6651	233.7265	233.7933
11.95312	233.3104	233.3792	233.4751
11.98242	232.9543	233.0272	233.1338
12.01172	232.5958	232.6677	232.7642
12.04102	232.235	232.3016	232.3752
12.07031	231.8725	231.9326	231.9836
12.09961	231.5092	231.5647	231.6042
12.12891	231.1458	231.2001	231.2428
12.1582	230.7827	230.8388	230.8944
12.1875	230.4192	230.4782	230.5478
12.2168	230.0548	230.1156	230.1918
12.24609	229.689	229.7491	229.8217
12.27539	229.3216	229.3789	229.4407
12.30469	228.9529	229.0066	229.0568
12.33398	228.5833	228.6345	228.6785
12.36328	228.2134	228.2638	228.3094
12.39258	227.8433	227.8945	227.9475
12.42188	227.4726	227.5254	227.5863
12.45117	227.1009	227.1545	227.2194
12.48047	226.728	226.7809	226.8433
12.50977	226.3536	226.4043	226.4594
12.53906	225.978	226.0259	226.0727
12.56836	225.6015	225.6469	225.6882
12.59766	225.2244	225.2686	225.309
12.62695	224.8469	224.8909	224.9344
12.65625	224.4688	224.5134	224.5611
12.68555	224.0899	224.1349	224.1854
12.71484	223.7101	223.7547	223.8051
12.74414	223.329	223.3726	223.4205
12.77344	222.9469	222.9891	223.0337
12.80273	222.5639	222.6047	222.647
12.83203	222.18	222.2198	222.2612
12.86133	221.7954	221.8344	221.8755
12.89062	221.4099	221.4481	221.4883
12.91992	221.0234	221.0605	221.0986
12.94922	220.636	220.6717	220.707
12.97852	220.2477	220.2821	220.3152
13.00781	219.8587	219.8923	219.9251
13.03711	219.469	219.5024	219.5373
13.06641	219.0787	219.1123	219.1504
13.0957	218.6875	218.7213	218.7616
13.125	218.2952	218.3285	218.3682
13.1543	217.9017	217.9335	217.969
13.18359	217.5071	217.5366	217.5657
13.21289	217.1113	217.1384	217.1615
13.24219	216.7148	216.74	216.76
13.27148	216.3178	216.3422	216.3632
13.30078	215.9203	215.9451	215.9702
13.33008	215.5223	215.5479	215.5782
13.35938	215.1234	215.1496	215.1832
13.38867	214.7234	214.7493	214.7824
13.41797	214.3221	214.3465	214.3753
13.44727	213.9195	213.9416	213.9639
13.47656	213.5159	213.5354	213.5515
13.50586	213.1114	213.1289	213.1412
13.53516	212.7063	212.7227	212.7348
13.56445	212.3008	212.317	212.3317
13.59375	211.8947	211.9114	211.9299
13.62305	211.4878	211.5049	211.5265
13.65234	211.08	211.097	211.1194
13.68164	210.671	210.6872	210.7078
13.71094	210.2608	210.2755	210.2922
13.74023	209.8496	209.8622	209.8743
13.76953	209.4373	209.448	209.456
13.79883	209.0243	209.0333	209.0387
13.82812	208.6105	208.6185	208.6234
13.85742	208.1961	208.2036	208.2096
13.88672	207.7811	207.7885	207.7963
13.91602	207.3653	207.3726	207.3823
13.94531	206.9486	206.9557	206.9661
13.97461	206.5308	206.5373	206.5468
14.00391	206.112	206.1173	206.1243
14.0332	205.6922	205.6958	205.6993
14.0625	205.2713	205.2732	205.2731
14.0918	204.8495	204.8497	204.8469
14.12109	204.4269	204.4259	204.4218
14.15039	204.0037	204.0019	203.998
14.17969	203.5797	203.5776	203.5749
14.20898	203.1551	203.1528	203.1514
14.23828	202.7295	202.7269	202.7261
14.26758	202.303	202.2997	202.2982
14.29688	201.8755	201.8711	201.8675
14.32617	201.4469	201.441	201.4346
14.35547	201.0173	201.0099	201.0005
14.38477	200.5868	200.578	200.5664
14.41406	200.1556	200.1455	200.1328
14.44336	199.7236	199.7127	199.6999
14.47266	199.2908	199.2794	199.2669
14.50195	198.8573	198.8453	198.8331
14.53125	198.4228	198.4103	198.3978
14.56055	197.9875	197.974	197.9606
14.58984	197.5511	197.5366	197.5216
14.61914	197.1138	197.0981	197.0811
14.64844	196.6756	196.6586	196.6398
14.67773	196.2365	196.2183	196.1979
14.70703	195.7966	195.7773	195.7558
14.73633	195.3558	195.3356	195.3134
14.76562	194.9142	194.8932	194.8704
14.79492	194.4718	194.4499	194.4266
14.82422	194.0284	194.0057	193.9818
14.85352	193.5843	193.5606	193.5358
14.88281	193.1392	193.1146	193.0886
14.91211	192.6931	192.6675	192.6403
14.94141	192.2462	192.2195	192.1908
14.9707	191.7984	191.7706	191.7405
15	191.3497	191.3208	191.2894
15.0293	190.9001	190.8701	190.8376
15.05859	190.4497	190.4187	190.3853
15.08789	189.9985	189.9666	189.9324
15.11719	189.5464	189.5136	189.4787
15.14648	189.0934	189.0597	189.0241
15.17578	188.6396	188.6049	188.5684
15.20508	188.1848	188.1492	188.1114
15.23438	187.7291	187.6924	187.6532
15.26367	187.2725	187.2347	187.194
15.29297	186.8151	186.7761	186.7341
15.32227	186.3567	186.3166	186.2735
15.35156	185.8975	185.8564	185.8123
15.38086	185.4375	185.3955	185.3506
15.41016	184.9766	184.9337	184.888
15.43945	184.5149	184.471	184.4245
15.46875	184.0523	184.0074	183.9598
15.49805	183.5887	183.5428	183.494
15.52734	183.1243	183.0772	183.0271
15.55664	182.6589	182.6107	182.5593
15.58594	182.1927	182.1434	182.0907
15.61523	181.7256	181.6753	181.6214
15.64453	181.2577	181.2063	181.1515
15.67383	180.7889	180.7365	180.6808
15.70312	180.3192	180.2659	180.2092
15.73242	179.8487	179.7943	179.7366
15.76172	179.3772	179.3219	179.263
15.79102	178.9049	178.8484	178.7884
15.82031	178.4317	178.3741	178.3128
15.84961	177.9576	177.899	177.8365
15.87891	177.4826	177.4229	177.3593
15.9082	177.0068	176.946	176.8813
15.9375	176.5301	176.4683	176.4025
15.9668	176.0525	175.9896	175.9228
15.99609	175.574	175.5101	175.4422
16.02539	175.0947	175.0297	174.9606
16.05469	174.6145	174.5484	174.4782
16.08398	174.1334	174.0663	173.9949
16.11328	173.6514	173.5832	173.5107
16.14258	173.1686	173.0993	173.0256
16.17188	172.6848	172.6145	172.5397
16.20117	172.2002	172.1288	172.0529
16.23047	171.7147	171.6422	171.5651
16.25977	171.2284	171.1548	171.0765
16.28906	170.7411	170.6665	170.587
16.31836	170.253	170.1772	170.0967
16.34766	169.764	169.6872	169.6055
16.37695	169.2742	169.1962	169.1134
16.40625	168.7834	168.7044	168.6204
16.43555	168.2918	168.2117	168.1266
16.46484	167.7993	167.7181	167.6318
16.49414	167.3059	167.2236	167.1362
16.52344	166.8117	166.7282	166.6396
16.55273	166.3165	166.232	166.1422
16.58203	165.8205	165.7349	165.6438
16.61133	165.3236	165.2369	165.1447
16.64062	164.8259	164.738	164.6446
16.66992	164.3272	164.2383	164.1438
16.69922	163.8277	163.7376	163.642
16.72852	163.3273	163.2361	163.1393
16.75781	162.8261	162.7338	162.6358
16.78711	162.3239	162.2305	162.1313
16.81641	161.8209	161.7263	161.6259
16.8457	161.317	161.2213	161.1197
16.875	160.8122	160.7154	160.6126
16.9043	160.3065	160.2086	160.1046
16.93359	159.8	159.7009	159.5957
16.96289	159.2926	159.1924	159.086
16.99219	158.7843	158.683	158.5754
17.02148	158.2751	158.1727	158.064
17.05078	157.7651	157.6615	157.5516
17.08008	157.2542	157.1495	157.0383
17.10938	156.7424	156.6365	156.5242
17.13867	156.2297	156.1227	156.0091
17.16797	155.7161	155.608	155.4932
17.19727	155.2017	155.0924	154.9764
17.22656	154.6864	154.5759	154.4587
17.25586	154.1702	154.0586	153.9401
17.28516	153.6531	153.5404	153.4207
17.31445	153.1352	153.0213	152.9004
17.34375	152.6164	152.5013	152.3793
17.37305	152.0967	151.9805	151.8572
17.40234	151.5761	151.4588	151.3342
17.43164	151.0546	150.9361	150.8104
17.46094	150.5323	150.4126	150.2856
17.49023	150.0091	149.8883	149.76
17.51953	149.485	149.363	149.2335
17.54883	148.9601	148.8369	148.7062
17.57812	148.4342	148.3099	148.1779
17.60742	147.9075	147.782	147.6488
17.63672	147.3799	147.2532	147.1188
17.66602	146.8515	146.7236	146.5879
17.69531	146.3221	146.1931	146.0562
17.72461	145.7919	145.6617	145.5235
17.75391	145.2608	145.1294	144.99
17.7832	144.7288	144.5962	144.4555
17.8125	144.1959	144.0622	143.9202
17.8418	143.6622	143.5272	143.384
17.87109	143.1276	142.9914	142.847
17.90039	142.5921	142.4547	142.309
17.92969	142.0557	141.9172	141.7702
17.95898	141.5185	141.3788	141.2305
17.98828	140.9804	140.8394	140.69
18.01758	140.4414	140.2992	140.1485
18.04688	139.9015	139.7582	139.6061
18.07617	139.3608	139.2162	139.0629
18.10547	138.8191	138.6734	138.5188
18.13477	138.2766	138.1297	137.9738
18.16406	137.7332	137.5851	137.4279
18.19336	137.189	137.0396	136.8812
18.22266	136.6438	136.4932	136.3335
18.25195	136.0978	135.946	135.785
18.28125	135.5509	135.3979	135.2356
18.31055	135.0032	134.8489	134.6853
18.33984	134.4545	134.299	134.1342
18.36914	133.905	133.7483	133.5821
18.39844	133.3546	133.1966	133.0292
18.42773	132.8033	132.6441	132.4754
18.45703	132.2511	132.0907	131.9207
18.48633	131.6981	131.5365	131.3651
18.51562	131.1442	130.9813	130.8087
18.54492	130.5894	130.4253	130.2513
18.57422	130.0337	129.8684	129.6931
18.60352	129.4772	129.3106	129.134
18.63281	128.9197	128.7519	128.574
18.66211	128.3614	128.1924	128.0132
18.69141	127.8023	127.632	127.4514
18.7207	127.2422	127.0707	126.8888
18.75	126.6813	126.5085	126.3253
18.7793	126.1195	125.9454	125.7609
18.80859	125.5568	125.3815	125.1957
18.83789	124.9932	124.8167	124.6295
18.86719	124.4288	124.251	124.0625
18.89648	123.8634	123.6844	123.4946
18.92578	123.2972	123.1169	122.9258
18.95508	122.7302	122.5486	122.3561
18.98438	122.1622	121.9794	121.7855
19.01367	121.5934	121.4093	121.2141
19.04297	121.0236	120.8383	120.6418
19.07227	120.4531	120.2664	120.0686
19.10156	119.8816	119.6937	119.4945
19.13086	119.3092	119.1201	118.9195
19.16016	118.736	118.5456	118.3437
19.18945	118.1619	117.9702	117.7669
19.21875	117.5869	117.3939	117.1893
19.24805	117.0111	116.8168	116.6108
19.27734	116.4344	116.2388	116.0315
19.30664	115.8567	115.6599	115.4512
19.33594	115.2783	115.0801	114.8701
19.36523	114.6989	114.4994	114.288
19.39453	114.1186	113.9179	113.7051
19.42383	113.5375	113.3355	113.1214
19.45312	112.9555	112.7522	112.5367
19.48242	112.3726	112.168	111.9511
19.51172	111.7889	111.583	111.3647
19.54102	111.2043	110.997	110.7774
19.57031	110.6187	110.4102	110.1892
19.59961	110.0324	109.8225	109.6001
19.62891	109.4451	109.2339	109.0102
19.6582	108.8569	108.6445	108.4193
19.6875	108.2679	108.0542	107.8276
19.7168	107.678	107.4629	107.235
19.74609	107.0872	106.8708	106.6415
19.77539	106.4956	106.2779	106.0472
19.80469	105.903	105.684	105.4519
19.83398	105.3096	105.0893	104.8558
19.86328	104.7153	104.4937	104.2588
19.89258	104.1202	103.8972	103.6609
19.92188	103.5241	103.2998	103.0621
19.95117	102.9272	102.7015	102.4624
19.98047	102.3294	102.1024	101.8619
20.00977	101.7307	101.5024	101.2605
20.03906	101.1311	100.9015	100.6582
20.06836	100.5307	100.2997	100.055
20.09766	99.92937	99.69705	99.45089
20.12695	99.32717	99.09351	98.84593
20.15625	98.7241	98.4891	98.2401
20.18555	98.12014	97.8838	97.63338
20.21484	97.51531	97.27762	97.02578
20.24414	96.9096	96.67056	96.41729
20.27344	96.30301	96.06262	95.80792
20.30273	95.69554	95.4538	95.19768
20.33203	95.08719	94.8441	94.58654
20.36133	94.47796	94.23352	93.97453
20.39062	93.86786	93.62206	93.36163
20.41992	93.25688	93.00972	92.74785
20.44922	92.64501	92.39649	92.13319
20.47852	92.03227	91.78239	91.51764
20.50781	91.41865	91.1674	90.90121
20.53711	90.80415	90.55154	90.2839
20.56641	90.18877	89.93479	89.66571
20.5957	89.57252	89.31716	89.04663
20.625	88.95538	88.69865	88.42667
20.6543	88.33736	88.07926	87.80583
20.68359	87.71847	87.45899	87.1841
20.71289	87.09869	86.83784	86.56149
20.74219	86.47804	86.21581	85.938
20.77148	85.85651	85.59289	85.31362
20.80078	85.23409	84.9691	84.68836
20.83008	84.6108	84.34442	84.06222
20.85938	83.98663	83.71886	83.43519
20.88867	83.36158	83.09242	82.80728
20.91797	82.73565	82.4651	82.17849
20.94727	82.10883	81.83689	81.54881
20.97656	81.48114	81.20781	80.91825
21.00586	80.85257	80.57784	80.2868
21.03516	80.22312	79.94699	79.65448
21.06445	79.59279	79.31526	79.02126
21.09375	78.96158	78.68264	78.38717
21.12305	78.32948	78.04915	77.75218
21.15234	77.69651	77.41477	77.11632
21.18164	77.06266	76.77951	76.47957
21.21094	76.42792	76.14337	75.84194
21.24023	75.79231	75.50634	75.20342
21.26953	75.15581	74.86843	74.56401
21.29883	74.51844	74.22964	73.92373
21.32812	73.88018	73.58997	73.28255
21.35742	73.24104	72.94941	72.6405
21.38672	72.60102	72.30797	71.99755
21.41602	71.96012	71.66564	71.35373
21.44531	71.31833	71.02244	70.70901
21.47461	70.67567	70.37835	70.06342
21.50391	70.03212	69.73337	69.41693
21.5332	69.38769	69.08751	68.76956
21.5625	68.74238	68.44077	68.12131
21.5918	68.09618	67.79314	67.47217
21.62109	67.4491	67.14463	66.82214
21.65039	66.80114	66.49524	66.17122
21.67969	66.1523	65.84496	65.51942
21.70898	65.50257	65.19379	64.86674
21.73828	64.85196	64.54174	64.21316
21.76758	64.20047	63.88881	63.5587
21.79688	63.54809	63.23499	62.90336
21.82617	62.89483	62.58028	62.24712
21.85547	62.24068	61.92469	61.59
21.88477	61.58565	61.26821	60.93199
21.91406	60.92973	60.61084	60.27309
21.94336	60.27293	59.95259	59.61331
21.97266	59.61525	59.29345	58.95263
22.00195	58.95667	58.63343	58.29107
22.03125	58.29721	57.97251	57.62862
22.06055	57.63687	57.31071	56.96528
22.08984	56.97564	56.64802	56.30105
22.11914	56.31352	55.98445	55.63593
22.14844	55.65051	55.31998	54.96992
22.17773	54.98661	54.65463	54.30302
22.20703	54.32183	53.98838	53.63523
22.23633	53.65616	53.32125	52.96655
22.26562	52.9896	52.65322	52.29698
22.29492	52.32215	51.98431	51.62653
22.32422	51.65381	51.31451	50.95518
22.35352	50.98458	50.64381	50.28295
22.38281	50.31446	49.97223	49.60981
22.41211	49.64344	49.29976	48.93578
22.44141	48.97154	48.62638	48.26084
22.4707	48.29874	47.95211	47.585
22.5	47.62505	47.27694	46.90827
22.5293	46.95046	46.60088	46.23067
22.55859	46.27497	45.92393	45.55221
22.58789	45.5986	45.24611	44.87289
22.61719	44.92133	44.56741	44.19271
22.64648	44.24318	43.88783	43.51163
22.67578	43.56415	43.20737	42.82963
22.70508	42.88422	42.526	42.14666
22.73438	42.20339	41.84368	41.46267
22.76367	41.52164	41.16041	40.77768
22.79297	40.83895	40.47615	40.09172
22.82227	40.15531	39.79095	39.40488
22.85156	39.47073	39.10484	38.71729
22.88086	38.78524	38.4179	38.02907
22.91016	38.09887	37.73021	37.34032
22.93945	37.41168	37.04184	36.65102
22.96875	36.72371	36.35278	35.96103
22.99805	36.03498	35.66296	35.27004
23.02734	35.34543	34.97219	34.5776
23.05664	34.65495	34.28018	33.8832
23.08594	33.96339	33.58661	33.18638
23.11523	33.27053	32.89119	32.48692
23.14453	32.57621	32.19378	31.78492
23.17383	31.88036	31.4945	31.08104
23.20312	31.1831	30.79383	30.37648
23.23242	30.48481	30.09269	29.67301
23.26172	29.78616	29.3924	28.9728
23.29102	29.08813	28.69455	28.27816
23.32031	28.3919	28.00089	27.59121
23.34961	27.69872	27.31296	26.91345
23.37891	27.0097	26.63183	26.24533
23.4082	26.32554	25.95775	25.58595
23.4375	25.64631	25.28985	24.93277
23.4668	24.97116	24.62601	24.28167
23.49609	24.29826	23.96275	23.62704
23.52539	23.62471	23.29547	22.96227
23.55469	22.94665	22.61869	22.28035
23.58398	22.2596	21.92662	21.57462
23.61328	21.55875	21.21371	20.83954
23.64258	20.83958	20.47538	20.07143
23.67188	20.09828	19.70853	19.26895
23.70117	19.33233	18.91202	18.43337
23.73047	18.54082	18.08691	17.56851
23.75977	17.7247	17.23643	16.68038
23.78906	16.88675	16.36573	15.77667
23.81836	16.03145	15.48146	14.86602
23.84766	15.16459	14.59122	13.95739
23.87695	14.29287	13.70296	13.05941
23.90625	13.42337	12.82447	12.17992
23.93555	12.56315	11.96297	11.3256
23.96484	11.71879	11.12472	10.50188
23.99414	10.89619	10.31493	9.712837
24.02344	10.1003	9.537656	8.961312
24.05273	9.335098	8.795831	8.249024
24.08203	8.603573	8.091374	7.57675
24.11133	7.907786	7.425319	6.944511
24.14062	7.248978	6.797971	6.351736
24.16992	6.62769	6.209049	5.797429
24.19922	6.043892	5.657828	5.280291
24.22852	5.4971	5.14326	4.79883
24.25781	4.98649	4.664072	4.351443
24.28711	4.510989	4.218845	3.936477
24.31641	4.069346	3.806077	3.552275
24.3457	3.660202	3.424233	3.197204
24.375	3.28213	3.071768	2.869677
24.4043	2.933669	2.74716	2.56816
24.43359	2.613356	2.448918	2.291184
24.46289	2.319733	2.175591	2.037339
24.49219	2.051365	1.925776	1.805278
24.52148	1.806846	1.698112	1.593711
24.55078	1.584797	1.491285	1.401398
24.58008	1.383875	1.304024	1.227152
24.60938	1.202766	1.135096	1.069827
24.63867	1.040188	0.9833067	0.9283161
24.66797	0.8948903	0.8474948	0.8015492
24.69727	0.7656508	0.7265319	0.688489
24.72656	0.6512775	0.6193206	0.5881292
24.75586	0.5506086	0.5247942	0.4994933
24.78516	0.4625137	0.4419168	0.4216342
24.81445	0.385896	0.3696847	0.3536353
24.84375	0.3196951	0.3071281	0.2946111
24.87305	0.2628902	0.2533138	0.2437098
24.90234	0.2145041	0.2073483	0.200115
24.93164	0.173607	0.1683804	0.163049
24.96094	0.1393204	0.1356054	0.1317752
24.99023	0.1108211	0.1082677	0.1056009
25.01953	0.0873441	0.0856637	0.08388005
25.04883	0.06818542	0.06714426	0.0660148
25.07812	0.05270365	0.05211608	0.05145733
25.10742	0.04032068	0.04004253	0.03971051
25.13672	0.03052135	0.03044352	0.03032792
25.16602	0.02285206	0.02289449	0.0229131
25.19531	0.01691837	0.01702443	0.01711803
25.22461	0.01238177	0.01251324	0.01264092
25.25391	0.0089556	0.009088305	0.009223342
25.2832	0.006400534	0.006520618	0.006646922
25.3125	0.004519619	0.004620479	0.004729615
25.3418	0.003153187	0.003233031	0.003321808
25.37109	0.002173774	0.002233751	0.002302334
25.40039	0.001481232	0.001524053	0.001574539
25.42969	0.0009981414	0.001027131	0.00106253
25.45898	0.0006656493	0.0006841275	0.0007076722
25.48828	0.0004397752	0.0004507043	0.0004654262
25.51758	0.0002882219	0.00029404	0.0003025404
25.54688	0.0001876894	0.0001902726	0.000194635
25.57617	0.000121667	0.0001223709	0.0001241649
25.60547	7.866307e-05	7.840475e-05	7.874372e-05
25.63477	5.081966e-05	5.017422e-05	4.979809e-05
25.66406	3.285439e-05	3.214846e-05	3.151231e-05
25.69336	2.127261e-05	2.066513e-05	2.002076e-05
25.72266	1.379498e-05	1.334096e-05	1.280534e-05
25.75195	8.951855e-06	8.649006e-06	8.257156e-06
25.78125	5.803192e-06	5.623208e-06	5.366124e-06
25.81055	3.749744e-06	3.657375e-06	3.507121e-06
25.83984	2.40889e-06	2.37207e-06	2.296778e-06
25.86914	1.53473e-06	1.528737e-06	1.500349e-06
25.89844	9.676297e-07	9.756904e-07	9.729516e-07
25.92773	6.027799e-07	6.148842e-07	6.235362e-07
25.95703	3.707004e-07	3.817857e-07	3.934019e-07
25.98633	2.250844e-07	2.332612e-07	2.436315e-07
26.01562	1.350897e-07	1.402209e-07	1.478228e-07
26.04492	8.03192e-08	8.303809e-08	8.782456e-08
26.07422	4.745948e-08	4.858101e-08	5.114905e-08
26.10352	2.797563e-08	2.820482e-08	2.929623e-08
26.13281	1.651214e-08	1.634468e-08	1.659949e-08
26.16211	9.785408e-09	9.513783e-09	9.385079e-09
26.19141	5.827586e-09	5.591193e-09	5.35084e-09
26.2207	3.482731e-09	3.325313e-09	3.106932e-09
26.25	2.081448e-09	1.998012e-09	1.847421e-09
26.2793	1.238178e-09	1.206194e-09	1.122847e-09
26.30859	7.295823e-10	7.259421e-10	6.913729e-10
26.33789	4.241721e-10	4.320134e-10	4.256291e-10
26.36719	2.428041e-10	2.524602e-10	2.58506e-10
26.39648	1.368718e-10	1.442172e-10	1.53139e-10
26.42578	7.620566e-11	8.042632e-11	8.779071e-11
26.45508	4.213697e-11	4.390502e-11	4.849105e-11
26.48438	2.330403e-11	2.363772e-11	2.582591e-11
26.51367	1.297756e-11	1.270405e-11	1.335571e-11
26.54297	7.302931e-12	6.915405e-12	6.823511e-12
26.57227	4.146455e-12	3.856404e-12	3.538099e-12
26.60156	2.359949e-12	2.207325e-12	1.921563e-12
26.63086	1.334019e-12	1.284125e-12	1.109305e-12
26.66016	7.423531e-13	7.461654e-13	6.727404e-13
26.68945	4.0434e-13	4.252143e-13	4.133945e-13
26.71875	2.154053e-13	2.3431e-13	2.488454e-13
26.74805	1.128587e-13	1.239441e-13	1.423561e-13
26.77734	5.883566e-14	6.304743e-14	7.636513e-14
26.80664	3.097491e-14	3.12738e-14	3.787886e-14
26.83594	1.66536e-14	1.556477e-14	1.755773e-14
26.86523	9.145799e-15	8.06245e-15	7.736256e-15
26.89453	5.066512e-15	4.445316e-15	3.548396e-15
26.92383	2.777328e-15	2.575045e-15	1.844773e-15
26.95312	1.480533e-15	1.504273e-15	1.159774e-15
26.98242	7.604324e-16	8.488662e-16	7.674311e-16
27.01172	3.775047e-16	4.488434e-16	5.051849e-16
27.04102	1.845281e-16	2.191486e-16	2.90261e-16
27.07031	9.167165e-17	9.930176e-17	1.536126e-16
27.09961	4.765652e-17	4.34801e-17	6.494921e-17
27.12891	2.595428e-17	2.018581e-17	2.54243e-17
27.1582	1.435924e-17	1.093511e-17	7.266933e-18
27.1875	7.729627e-18	6.753677e-18	3.329995e-18
27.2168	3.921559e-18	4.224981e-18	1.902034e-18
27.24609	1.854467e-18	2.427032e-18	2.295204e-18
27.27539	8.337673e-19	1.216369e-18	1.343425e-18
27.30469	3.790448e-19	5.165809e-19	1.205082e-18
27.33398	1.895311e-19	1.862299e-19	3.696919e-19
27.36328	1.059717e-19	6.44728e-20	2.631752e-19
27.39258	6.122062e-20	3.194354e-20	2.513587e-20
27.42188	3.305847e-20	2.45217e-20	2.154802e-20
27.45117	1.590577e-20	1.880951e-20	5.745125e-21
27.48047	6.632258e-21	1.182625e-20	3.08662e-20
27.50977	2.503818e-21	5.823799e-21	1.801892e-21
27.53906	1.066721e-21	2.072194e-21	3.324371e-20
27.56836	6.176458e-22	5.006888e-22	2.316805e-21
27.59766	3.962416e-22	8.239511e-23	1.571332e-20
27.62695	2.526185e-22	8.790159e-23	9.876244e-21
27.65625	1.258431e-22	1.273768e-22	8.226352e-21
27.68555	4.931067e-23	1.194495e-22	1.000884e-20
27.71484	1.61294e-23	6.460341e-23	1.060775e-20
27.74414	6.910529e-24	3.313983e-23	7.587839e-21
27.77344	2.895749e-24	8.283487e-24	1.114639e-20
27.80273	3.357453e-24	1.670172e-24	8.564488e-21
27.83203	3.963212e-24	9.515206e-26	9.339091e-21
27.86133	3.240237e-24	2.017366e-24	9.590814e-21
27.89062	2.858015e-24	2.053881e-24	9.004909e-21
27.91992	1.732951e-24	2.935384e-24	9.026606e-21
27.94922	1.115566e-24	2.591631e-24	9.465376e-21
27.97852	1.00567e-24	2.67226e-24	8.80239e-21
28.00781	6.344562e-25	1.948607e-24	9.153188e-21
28.03711	1.04512e-24	4.015492e-25	9.051068e-21
28.06641	9.741366e-25	7.206702e-25	8.939151e-21
28.0957	1.312976e-24	7.507732e-25	8.991939e-21
28.125	1.205772e-24	4.68299e-25	8.872398e-21
28.1543	1.115879e-24	1.054372e-24	8.872833e-21
28.18359	1.333695e-24	8.959011e-25	8.842501e-21
28.21289	1.000529e-24	7.324945e-25	8.746683e-21
28.24219	7.235645e-25	1.783644e-24	8.701977e-21
28.27148	6.294428e-25	1.10406e-24	8.771834e-21
28.30078	7.476667e-25	1.263192e-24	8.634498e-21
28.33008	1.195301e-24	4.895787e-25	8.650587e-21
28.35938	1.00827e-24	1.340225e-24	8.577764e-21
28.38867	1.33471e-24	2.132551e-25	8.546085e-21
28.41797	2.037046e-25	3.496575e-25	8.574959e-21
28.44727	5.798366e-26	6.727994e-26	8.49852e-21
28.47656	2.02286e-25	7.771154e-26	8.399495e-21
28.50586	2.353927e-25	1.453538e-25	8.453395e-21
28.53516	1.647545e-25	7.908682e-26	8.331891e-21
28.56445	2.506251e-25	1.720437e-25	8.405471e-21
28.59375	1.677887e-25	1.082773e-25	8.260106e-21
28.62305	4.402274e-26	4.658667e-26	8.219618e-21
28.65234	6.408348e-25	9.818687e-26	8.302438e-21
28.68164	4.435752e-25	5.090874e-25	8.262087e-21
28.71094	7.595273e-25	1.192985e-25	8.047014e-21
28.74023	7.613251e-25	5.70639e-25	8.199813e-21
28.76953	1.806612e-24	2.302028e-24	7.990315e-21
28.79883	1.963148e-24	2.061379e-24	8.156963e-21
28.82812	2.383194e-24	9.198442e-25	7.903507e-21
28.85742	1.296922e-24	1.37174e-24	8.09966e-21
28.88672	1.023027e-24	9.8534e-25	7.893163e-21
28.91602	5.383004e-25	1.419355e-24	7.946421e-21
28.94531	2.289588e-25	2.33137e-25	7.871554e-21
28.97461	3.471174e-25	4.660257e-25	7.885017e-21
29.00391	1.634086e-24	3.532689e-25	7.802437e-21
29.0332	7.25293e-25	3.47369e-25	7.804695e-21
29.0625	7.992483e-25	4.416786e-25	7.721471e-21
29.0918	2.811279e-25	3.491017e-25	7.787846e-21
29.12109	5.49633e-25	4.412592e-25	7.655834e-21
29.15039	2.107032e-25	3.021046e-25	7.708603e-21
29.17969	7.17008e-26	9.355458e-26	7.564055e-21
29.20898	1.063331e-25	1.317384e-25	7.676568e-21
29.23828	3.753993e-26	1.613065e-25	7.55284e-21
29.26758	2.810443e-25	1.006462e-25	7.587459e-21
29.29688	3.535509e-25	2.943308e-25	7.432637e-21
29.32617	3.320028e-25	4.574333e-26	7.59084e-21
29.35547	2.016723e-25	5.40493e-25	7.432654e-21
29.38477	5.866167e-25	9.525811e-26	7.487459e-21
29.41406	5.513319e-25	2.147109e-25	7.326467e-21
29.44336	2.616969e-25	2.046081e-25	7.406727e-21
29.47266	9.329969e-25	6.872675e-25	7.301193e-21
29.50195	9.478137e-25	5.994002e-25	7.300475e-21
29.53125	9.745424e-25	4.053428e-25	7.337198e-21
29.56055	1.054125e-24	6.823409e-25	7.251841e-21
29.58984	1.295028e-24	7.670499e-25	7.202975e-21
29.61914	5.433745e-25	2.995102e-25	7.211051e-21
29.64844	9.335342e-25	6.861212e-25	7.179265e-21
29.67773	1.232317e-24	8.572112e-25	7.132289e-21
29.70703	2.025541e-24	1.260265e-24	7.182307e-21
29.73633	1.826991e-24	1.32038e-24	7.069918e-21
29.76562	1.634969e-24	8.481385e-25	7.052037e-21
29.79492	2.093859e-24	7.26565e-25	6.980974e-21
29.82422	4.53599e-25	1.255854e-24	6.971259e-21
29.85352	3.405221e-25	1.000151e-24	6.988165e-21
29.88281	7.115109e-25	8.203274e-25	7.005581e-21
29.91211	2.789726e-25	5.100077e-25	6.92906e-21
29.94141	4.563567e-25	1.541433e-25	6.860919e-21
29.9707	6.802005e-25	3.30625e-25	6.937748e-21
30	9.083361e-25	1.093134e-25	6.868959e-21
