0.01
0.0104761575278966
0.0109749876549306
0.0114975699539774
0.0120450354025878
0.0126185688306602
0.0132194114846603
0.0138488637139387
0.0145082877849594
0.0151991108295293
0.0159228279334109
0.0166810053720006
0.0174752840000768
0.0183073828029537
0.0191791026167249
0.0200923300256505
0.0210490414451202
0.0220513073990305
0.0231012970008316
0.0242012826479438
0.0253536449397011
0.0265608778294669
0.0278255940220712
0.0291505306282518
0.0305385550883342
0.0319926713779738
0.0335160265093884
0.0351119173421513
0.0367837977182863
0.0385352859371053
0.0403701725859655
0.042292428743895
0.0443062145758388
0.0464158883361278
0.0486260158006535
0.0509413801481638
0.0533669923120631
0.0559081018251222
0.0585702081805667
0.0613590727341317
0.0642807311728432
0.0673415065775082
0.0705480231071865
0.0739072203352578
0.0774263682681127
0.0811130830789687
0.0849753435908644
0.0890215085445038
0.093260334688322
0.0977009957299226
0.102353102189903
0.107226722201032
0.112332403297803
0.1176811952435
0.123284673944207
0.129154966501488
0.135304777457981
0.141747416292681
0.148496826225446
0.155567614393047
0.162975083462064
0.170735264747069
0.178864952905744
0.187381742286038
0.196304065004027
0.205651230834865
0.215443469003188
0.225701971963392
0.236448941264541
0.247707635599171
0.259502421139974
0.271858824273294
0.28480358684358
0.298364724028334
0.312571584968824
0.327454916287773
0.343046928631492
0.359381366380463
0.376493580679247
0.394420605943766
0.413201240011534
0.432876128108306
0.453487850812858
0.47508101621028
0.497702356433211
0.521400828799968
0.546227721768434
0.572236765935022
0.599484250318941
0.628029144183425
0.657933224657568
0.68926121043497
0.722080901838546
0.756463327554629
0.792482898353917
0.830217568131974
0.869749002617783
0.911162756115489
0.954548456661834
1
