tau	eff_sta	eff_tra	pow_sta	pow_tra	pow_ratio
0.02	0	0.5817249188	0	100444.4914	0
0.04	0	0.581747488	0	50224.24675	0
0.06	0	0.5817851004	0	33485.05438	0
0.08	0	0.5818377518	0	25116.12489	0
0.1	0	0.5819054362	0	20095.30036	0
0.12	0	0.5819881452	0	16748.52805	0
0.14	0.3136592609	0.5820858685	7558.51204	14358.35677	0.5264190157
0.16	0.48311562	0.5821985946	10297.21974	12566.06088	0.8194469085
0.18	0.5938841685	0.5823263102	11330.84175	11172.34833	1.014186223
0.2	0.6701260334	0.5824689997	11562.14525	10057.64384	1.149587859
0.22	0.7247984176	0.5826266461	11407.25976	9145.854047	1.247260202
0.24	0.7652423789	0.5827992307	11067.55712	8386.250002	1.319726591
0.26	0.7959572436	0.5829867326	10646.00443	7743.711639	1.3747935
0.28	0.8198086404	0.5831891297	10196.2548	7193.153184	1.417494461
0.3	0.8386949494	0.5834063981	9746.484919	6716.178378	1.451195065
0.32	0.8538914378	0.5836385121	9310.993348	6298.990011	1.478172426
0.34	0.866315514	0.5838854433	8896.991167	5931.037246	1.500073393
0.36	0.8766103731	0.5841471636	8507.369199	5604.113879	1.518057874
0.38	0.8852401068	0.584423642	8142.718414	5311.741302	1.532965924
0.4	0.8925618833	0.5847148456	7802.546756	5048.736613	1.545445396
0.42	0.8988372453	0.5850207406	7485.632587	4810.904122	1.555972099
0.44	0.9042680164	0.5853412913	7190.483165	4594.810975	1.564913814
0.46	0.9090104531	0.58567646	6915.504624	4397.621322	1.572555734
0.48	0.9131869029	0.5860262078	6659.110913	4216.971947	1.579121464
0.5	0.9168941496	0.5863904946	6419.782799	4050.877739	1.584788091
0.52	0.920209473	0.586769278	6196.097415	3897.658975	1.589697163
0.54	0.9231951111	0.5871625146	5986.740539	3755.884771	1.593962782
0.56	0.9259015848	0.5875701589	5790.508885	3624.328644	1.597677654
0.58	0.9283706312	0.5879921642	5606.30942	3501.933273	1.600918402
0.6	0.9306353469	0.5884284828	5433.142098	3387.782308	1.603745933
0.62	0.9327240331	0.5888790648	5270.107283	3281.077625	1.606212314
0.64	0.934660873	0.5893438587	5116.394023	3181.120857	1.608362038
0.66	0.9364651312	0.5898228128	4971.262375	3087.298285	1.610230666
0.68	0.9381533479	0.5903158726	4834.044626	2999.068382	1.611848751
0.7	0.9397397378	0.5908229829	4704.137103	2915.951501	1.613242573
0.72	0.9412356994	0.5913440869	4580.988879	2837.521286	1.614433309
0.74	0.9426514236	0.5918791266	4464.102501	2763.397466	1.615439891
0.76	0.943995981	0.5924280421	4353.027406	2693.239789	1.616279183
0.78	0.9452766132	0.5929907733	4247.350668	2626.742901	1.616964746
0.8	0.9464997444	0.5935672575	4146.696864	2563.631971	1.61750864
0.82	0.9476709309	0.5941574318	4050.723297	2503.658982	1.617921341
0.84	0.9487949944	0.5947612311	3959.116684	2446.599527	1.618211988
0.86	0.9498761329	0.5953785899	3871.590212	2392.250072	1.618388586
0.88	0.9509180096	0.5960094404	3787.880907	2340.425579	1.618458173
0.9	0.9519238319	0.5966537145	3707.747303	2290.957454	1.618426958
0.92	0.952896416	0.5973113429	3630.967369	2243.69176	1.618300443
0.94	0.9538383251	0.5979822545	3557.336971	2198.487656	1.618083668
0.96	0.9547514936	0.5986663773	3486.666606	2155.216032	1.617780563
0.98	0.955638112	0.5993636386	3418.783164	2113.758316	1.617395489
1	0.9564998148	0.6000739634	3353.525367	2074.005414	1.616931828
1.02	0.9573381318	0.6007972767	3290.744201	2035.856789	1.616392773
1.04	0.958154427	0.6015335021	3230.301534	1999.219632	1.615781219
1.06	0.9589499221	0.6022825621	3172.069165	1964.008133	1.615099811
1.08	0.9597257125	0.6030443781	3115.927963	1930.14284	1.614350969
1.1	0.9604827834	0.6038188702	3061.767095	1897.550069	1.613536921
1.12	0.9612220239	0.6046059577	3009.483331	1866.161401	1.612659725
1.14	0.9619442789	0.6054055592	2958.980542	1835.913214	1.611721359
1.16	0.9626501937	0.6062175916	2910.168605	1806.74627	1.610723461
1.18	0.9633404752	0.6070419716	2862.963697	1778.605345	1.609667768
1.2	0.964015729	0.6078786147	2817.287274	1751.438895	1.608555846
1.22	0.9646764779	0.6087274347	2773.065698	1725.198749	1.607389119
1.24	0.9653232936	0.6095883458	2730.230224	1699.839846	1.606169093
1.26	0.9659566104	0.6104612598	2688.716077	1675.31998	1.60489704
1.28	0.9665768597	0.6113460895	2648.462523	1651.599584	1.603574225
1.3	0.9671844404	0.6122427446	2609.412475	1628.641518	1.602201864
1.32	0.967779722	0.6131511359	2571.512226	1606.410896	1.600781115
1.34	0.9683630496	0.6140711719	2534.711209	1584.87491	1.599313102
1.36	0.9689347435	0.6150027617	2498.961766	1564.002681	1.597798901
1.38	0.9694951221	0.6159458119	2464.219	1543.765116	1.596239592
1.4	0.9700444297	0.6169002301	2430.440384	1524.134785	1.594636123
1.42	0.9705829506	0.6178659211	2397.585894	1505.085798	1.592989514
1.44	0.9711109336	0.6188427915	2365.617637	1486.593706	1.591300722
1.46	0.9716286135	0.6198307447	2334.499765	1468.635393	1.589570683
1.48	0.9721362012	0.6208296847	2304.198309	1451.188995	1.587800291
1.5	0.9726339332	0.6218395146	2274.681172	1434.233809	1.585990483
1.52	0.973121997	0.6228601365	2245.917834	1417.750222	1.584142114
1.54	0.9736005833	0.6238914524	2217.879365	1401.719639	1.58225604
1.56	0.9740698753	0.624933363	2190.538304	1386.124414	1.580333108
1.58	0.9745300465	0.6259857686	2163.868556	1370.947796	1.578374145
1.6	0.9749812641	0.627048569	2137.84532	1356.173869	1.576379968
1.62	0.9754236882	0.6281216629	2112.445003	1341.7875	1.574351381
1.64	0.9758574722	0.6292049493	2087.645147	1327.774295	1.572289172
1.66	0.9762827647	0.6302983259	2063.424369	1314.120553	1.570194123
1.68	0.9766997078	0.6314016901	2039.762288	1300.813223	1.568067
1.7	0.9771084389	0.6325149383	2016.639475	1287.839865	1.565908564
1.72	0.9775090916	0.6336379674	1994.037393	1275.188621	1.563719563
1.74	0.9779017941	0.6347706719	1971.938351	1262.848171	1.561500738
1.76	0.9782866709	0.6359129485	1950.325452	1250.807716	1.559252815
1.78	0.9786638428	0.6370646907	1929.182552	1239.056935	1.556976518
1.8	0.9790334271	0.6382257928	1908.494216	1227.585966	1.554672559
1.82	0.9793955382	0.639396149	1888.245685	1216.385383	1.552341644
1.84	0.9797502865	0.6405756527	1868.422832	1205.446165	1.549984467
1.86	0.9800977803	0.6417641959	1849.012133	1194.75968	1.547601719
1.88	0.9804381275	0.6429616716	1830.000642	1184.317661	1.545194083
1.9	0.9807714242	0.6441679716	1811.375932	1174.112191	1.542762222
1.92	0.9810977781	0.6453829874	1793.126118	1164.135678	1.540306814
1.94	0.981417285	0.6466066106	1775.239783	1154.380848	1.537828513
1.96	0.9817300417	0.6478387316	1757.705977	1144.840717	1.535327973
1.98	0.9820361421	0.6490792411	1740.514188	1135.508586	1.532805836
2	0.9823356795	0.650328029	1723.654323	1126.378024	1.530262742
2.02	0.9826287443	0.651584985	1707.116685	1117.44285	1.527699322
2.04	0.9829154261	0.6528499985	1690.891953	1108.69713	1.5251162
2.06	0.9831958129	0.6541229591	1674.971169	1100.135156	1.522513993
2.08	0.9834699913	0.6554037552	1659.345715	1091.751441	1.519893313
2.1	0.9837380466	0.6566922755	1644.007298	1083.540705	1.517254765
2.12	0.9840000632	0.6579884085	1628.947939	1075.497869	1.514598946
2.14	0.9842561248	0.6592920419	1614.159955	1067.61804	1.511926451
2.16	0.9845063133	0.6606030634	1599.635944	1059.896509	1.509237865
2.18	0.9847507101	0.6619213606	1585.368776	1052.328737	1.506533768
2.2	0.9849893962	0.6632468211	1571.35158	1044.910351	1.503814732
2.22	0.9852224515	0.6645793319	1557.577728	1037.637136	1.501081326
2.24	0.9854499552	0.6659187799	1544.040831	1030.505026	1.498334111
2.26	0.9856719857	0.6672650514	1530.734724	1023.510096	1.495573644
2.28	0.9858886218	0.6686180334	1517.653457	1016.648564	1.492800473
2.3	0.98609994	0.6699776121	1504.791286	1009.916775	1.490015142
2.32	0.986306018	0.6713436739	1492.142666	1003.311201	1.487218188
2.34	0.9865069326	0.6727161046	1479.702239	996.8284344	1.484410143
2.36	0.9867027601	0.6740947901	1467.46483	990.4651827	1.481591534
2.38	0.9868935767	0.6754796165	1455.425436	984.2182641	1.478762881
2.4	0.9870794586	0.6768704695	1443.579222	978.0846028	1.475924698
2.42	0.9872604817	0.6782672345	1431.921512	972.0612236	1.473077495
2.44	0.9874367223	0.679669797	1420.447784	966.1452493	1.470221775
2.46	0.9876082558	0.681078043	1409.153661	960.3338967	1.467358036
2.48	0.987775158	0.6824918571	1398.034908	954.6244704	1.464486771
2.5	0.9879375056	0.683911125	1387.087429	949.0143631	1.461608467
2.52	0.9880953742	0.685335732	1376.307253	943.501049	1.458723607
2.54	0.9882488405	0.6867655633	1365.690538	938.0820824	1.455832666
2.56	0.9883979798	0.6882005042	1355.23356	932.7550934	1.452936113
2.58	0.9885428694	0.6896404398	1344.932712	927.5177857	1.450034417
2.6	0.9886835848	0.6910852555	1334.784496	922.3679338	1.447128036
2.62	0.9888202026	0.692534836	1324.785524	917.3033794	1.444217424
2.64	0.9889527997	0.6939890674	1314.932508	912.3220311	1.44130303
2.66	0.9890814523	0.6954478342	1305.22226	907.4218585	1.438385298
2.68	0.9892062368	0.696911022	1295.651688	902.6008931	1.435464664
2.7	0.98932723	0.6983785161	1286.21779	897.8572243	1.432541562
2.72	0.9894445082	0.6998502018	1276.917654	893.1889976	1.429616417
2.74	0.9895581481	0.7013259647	1267.748452	888.5944128	1.42668965
2.76	0.9896682262	0.7028056905	1258.707438	884.0717224	1.423761677
2.78	0.9897748192	0.7042892643	1249.791945	879.6192281	1.420832907
2.8	0.9898780035	0.7057765722	1240.999384	875.2352814	1.417903746
2.82	0.9899778557	0.7072674999	1232.327236	870.9182798	1.41497459
2.84	0.9900744517	0.7087619338	1223.773055	866.666667	1.412045832
2.86	0.9901678681	0.7102597596	1215.334463	862.4789294	1.40911786
2.88	0.9902581805	0.7117608633	1207.009148	858.3535956	1.406191055
2.9	0.9903454651	0.7132651314	1198.79486	854.2892352	1.403265792
2.92	0.9904297971	0.7147724508	1190.689413	850.2844577	1.400342441
2.94	0.9905112518	0.7162827077	1182.690678	846.3379095	1.397421367
2.96	0.9905899045	0.717795789	1174.796584	842.4482742	1.394502927
2.98	0.9906658289	0.719311582	1167.005114	838.6142714	1.391587472
3	0.9907390993	0.7208299737	1159.314305	834.8346543	1.388675349
3.2	0.9913416211	0.7361321648	1087.545281	799.7778912	1.359809133
3.4	0.9917539804	0.7515719587	1024.015515	769.0052504	1.331610563
3.6	0.9920328236	0.7670412127	967.4090829	741.6951273	1.304321745
3.8	0.9922207041	0.7824357603	916.6737063	717.2022887	1.278124346
4	0.9923475254	0.7976563322	870.9560632	695.0146354	1.253147803
4.2	0.9924336039	0.8126094531	829.5570206	674.7223026	1.229479176
4.4	0.9924925443	0.8272082952	791.8989658	655.9951576	1.207171969
4.6	0.9925334115	0.8413734586	757.5011312	638.5661133	1.186253256
4.8	0.9925622033	0.8550336601	725.9605543	622.2185456	1.166729214
5	0.9925828314	0.8681262984	696.9372322	606.7766436	1.148589419
5.2	0.9925978522	0.8805978862	670.14252	592.0978938	1.131810342
5.4	0.9926090278	0.8924043299	645.3299947	578.0671312	1.116358222
5.6	0.9926176533	0.903511052	622.2881273	564.5917628	1.102191297
5.8	0.9926246371	0.913892948	600.8343188	551.5978736	1.089261485
6	0.9926304893	0.9235341902	580.8100721	539.0270171	1.077515697
6.02	0.9926310202	0.924457238	578.8807926	537.7913424	1.076404075
6.04	0.9926315415	0.9253728011	576.9642839	536.5593934	1.075303668
6.06	0.9926320531	0.9262808784	575.0604195	535.3311319	1.074214417
6.08	0.9926325552	0.9271814694	573.1690748	534.1065204	1.073136262
6.1	0.9926330472	0.9280745745	571.2901262	532.8855228	1.072069144
6.12	0.992633529	0.9289601949	569.4234522	531.6681036	1.071013003
6.14	0.9926340013	0.9298383326	567.5689333	530.4542283	1.06996778
6.16	0.9926344628	0.9307089904	565.7264502	529.2438634	1.068933415
6.18	0.9926349143	0.9315721724	563.8958866	528.0369767	1.067909846
6.2	0.9926353551	0.9324278825	562.0771268	526.8335361	1.066897014
6.22	0.9926357854	0.9332761262	560.2700569	525.633511	1.065894859
6.24	0.992636205	0.9341169095	558.4745645	524.4368714	1.064903318
6.26	0.9926366136	0.934950239	556.6905384	523.2435881	1.063922332
6.28	0.9926370112	0.9357761228	554.9178691	522.053633	1.062951839
6.3	0.9926373975	0.9365945686	553.1564483	520.8669783	1.061991778
6.32	0.9926377727	0.9374055863	551.4061692	519.6835978	1.061042087
6.34	0.9926381364	0.938209185	549.6669262	518.5034652	1.060102705
6.36	0.9926384883	0.939005376	547.938615	517.3265555	1.059173571
6.38	0.9926388282	0.9397941702	546.2211327	516.1528443	1.058254621
6.4	0.9926391567	0.9405755796	544.5143781	514.9823076	1.057345796
6.42	0.9926394732	0.9413496178	542.8182506	513.8149231	1.056447032
6.44	0.9926397774	0.9421162975	541.1326511	512.6506678	1.055558268
6.46	0.9926400696	0.9428756331	539.4574818	511.4895205	1.054679442
6.48	0.9926403496	0.9436276395	537.7926462	510.3314599	1.053810491
6.5	0.9926406172	0.9443723327	536.1380488	509.1764661	1.052951353
6.52	0.9926408726	0.9451097289	534.4935953	508.0245194	1.052101966
6.54	0.9926411157	0.9458398452	532.8591928	506.8756007	1.051262267
6.56	0.9926413468	0.9465626988	531.2347494	505.7296913	1.050432194
6.58	0.9926415653	0.9472783085	529.620174	504.5867739	1.049611685
6.6	0.9926417717	0.9479866933	528.0153773	503.4468309	1.048800677
6.62	0.9926419657	0.9486878728	526.4202703	502.3098459	1.047999108
6.64	0.992642148	0.949381867	524.8347659	501.1758024	1.047206915
6.66	0.9926423181	0.9500686971	523.2587773	500.0446852	1.046424035
6.68	0.992642476	0.9507483848	521.6922192	498.9164791	1.045650406
6.7	0.9926426223	0.9514209515	520.1350072	497.7911694	1.044885967
6.72	0.9926427572	0.9520864211	518.5870582	496.6687426	1.044130652
6.74	0.9926428805	0.952744816	517.0482894	495.5491847	1.043384401
6.76	0.9926429922	0.9533961608	515.5186196	494.4324829	1.042647151
6.78	0.9926430932	0.9540404794	513.9979686	493.3186244	1.041918839
6.8	0.9926431831	0.954677798	512.4862566	492.2075976	1.041199403
6.82	0.9926432627	0.9553081409	510.9834054	491.0993902	1.04048878
6.84	0.9926433314	0.9559315356	509.489337	489.9939917	1.039786907
6.86	0.9926433904	0.956548008	508.0039752	488.8913906	1.039093723
6.88	0.9926434396	0.9571575861	506.5272441	487.7915772	1.038409164
6.9	0.9926434792	0.9577602972	505.0590686	486.694541	1.03773317
6.92	0.9926435095	0.9583561697	503.5993747	485.6002725	1.037065676
6.94	0.9926435311	0.9589452332	502.1480895	484.5087629	1.03640662
6.96	0.9926435439	0.9595275163	500.7051404	483.420003	1.035755942
6.98	0.992643549	0.9601030496	499.2704564	482.3339847	1.035113577
7	0.992643546	0.960671863	497.8439663	481.2506997	1.034479465
7.02	0.9926435357	0.9612339876	496.4256005	480.1701402	1.033853543
7.04	0.9926435177	0.9617894546	495.0152897	479.092299	1.033235748
7.06	0.9926434937	0.9623382958	493.6129663	478.0171688	1.03262602
7.08	0.9926434632	0.9628805437	492.2185622	476.944743	1.032024295
7.1	0.9926434268	0.9634162312	490.8320109	475.8750153	1.031430512
7.12	0.9926433852	0.9639453907	489.4532466	474.8079792	1.030844611
7.14	0.9926433382	0.9644680566	488.0822037	473.7436292	1.030266527
7.16	0.9926432867	0.9649842622	486.718818	472.6819594	1.029696201
7.18	0.9926432308	0.9654940424	485.3630255	471.6229647	1.02913357
7.2	0.9926431712	0.9659974323	484.0147633	470.5666403	1.028578573
7.22	0.9926431082	0.9664944664	482.6739691	469.5129811	1.028031148
7.24	0.992643042	0.9669851804	481.340581	468.4619826	1.027491235
7.26	0.9926429736	0.9674696107	480.0145383	467.4136407	1.026958772
7.28	0.9926429029	0.9679477932	478.6957804	466.3679512	1.026433697
7.3	0.9926428305	0.9684197651	477.3842478	465.3249104	1.02591595
7.32	0.9926427567	0.9688855627	476.0798813	464.2845146	1.025405471
7.34	0.9926426818	0.9693452243	474.7826226	463.2467607	1.024902197
7.36	0.9926426066	0.9697987869	473.4924141	462.2116452	1.024406068
7.38	0.9926425314	0.9702462892	472.2091986	461.1791656	1.023917024
7.4	0.9926424559	0.9706877692	470.9329193	460.1493186	1.023435003
7.42	0.9926423814	0.9711232654	469.6635208	459.1221019	1.022959946
7.44	0.9926423079	0.9715528169	468.4009474	458.0975129	1.022491793
7.46	0.9926422354	0.971976463	467.1451445	457.0755495	1.022030483
7.48	0.9926421648	0.9723942433	465.896058	456.0562096	1.021575955
7.5	0.9926420961	0.9728061979	464.6536343	455.0394915	1.021128151
7.52	0.9926420297	0.9732123664	463.4178204	454.0253931	1.020687009
7.54	0.992641966	0.9736127894	462.1885639	453.0139129	1.020252471
7.56	0.9926419052	0.9740075074	460.9658128	452.0050495	1.019824476
7.58	0.9926418476	0.9743965614	459.7495158	450.9988016	1.019402965
7.6	0.9926417937	0.9747799921	458.5396221	449.9951678	1.01898788
7.62	0.9926417432	0.9751578412	457.3360813	448.9941471	1.01857916
7.64	0.9926416971	0.9755301501	456.1388439	447.9957387	1.018176747
7.66	0.992641655	0.9758969603	454.9478603	446.9999415	1.017780581
7.68	0.9926416173	0.976258314	453.7630818	446.0067549	1.017390604
7.7	0.9926415842	0.9766142529	452.5844603	445.0161782	1.017006757
7.72	0.992641556	0.97696482	451.411948	444.028211	1.016628982
7.74	0.9926415328	0.977310057	450.2454976	443.0428525	1.01625722
7.76	0.9926415147	0.977650007	449.0850622	442.0601028	1.015891413
7.78	0.9926415021	0.9779847124	447.9305957	441.0799611	1.015531503
7.8	0.9926414946	0.9783142167	446.782052	440.1024276	1.015177431
7.82	0.9926414928	0.9786385624	445.6393858	439.1275019	1.014829142
7.84	0.9926414966	0.9789577932	444.5025523	438.1551842	1.014486575
7.86	0.992641506	0.979271952	443.3715067	437.1854742	1.014149675
7.88	0.9926415213	0.9795810827	442.2462053	436.2183722	1.013818384
7.9	0.992641542	0.9798852287	441.1266041	435.2538782	1.013492645
7.92	0.9926415685	0.9801844334	440.0126601	434.2919922	1.0131724
7.94	0.9926416011	0.9804787412	438.9043309	433.3327148	1.012857594
7.96	0.992641639	0.9807681954	437.8015735	432.3760458	1.012548169
7.98	0.9926416829	0.9810528398	436.7043465	431.4219856	1.01224407
8	0.9926417325	0.9813327193	435.6126083	430.4705348	1.011945239
8.2	0.9926425144	0.9838791395	424.9882596	421.0996187	1.009234492
8.4	0.992643694	0.9859977282	414.8700056	411.9900887	1.006990258
8.6	0.9926450284	0.9877326532	405.2224334	403.1423035	1.005159791
8.8	0.9926462675	0.98912737	396.0133467	394.5563121	1.003692843
9	0.9926472261	0.9902240556	387.213438	386.2316559	1.002541951
9.2	0.9926478215	0.9910631221	378.7959894	378.1672282	1.001662654
9.4	0.992648069	0.9916827986	370.7365949	370.3611785	1.00101365
9.6	0.9926480505	0.9921187941	363.0129078	362.8108607	1.000556894
9.8	0.9926478782	0.9924040314	355.6044166	355.5128139	1.000257664
10	0.9926476583	0.9925684612	348.4922484	348.4627752	1.000084581
10.2	0.9926474707	0.9926389428	341.659001	341.6557157	1.000009616
10.4	0.992647359	0.9926391976	335.0885978	335.0858973	1.000008059
10.6	0.9926473323	0.9925898211	328.7661638	328.7469442	1.000058463
10.8	0.9926473733	0.9925083537	322.6779169	322.6319254	1.000142551
11	0.992647455	0.9924094022	316.8110741	316.7334463	1.000245089
11.2	0.9926475498	0.9923048021	311.1537654	311.0437424	1.000353722
11.4	0.9926476401	0.9922038181	305.694957	305.5547764	1.000458774
11.6	0.9926477176	0.992113368	300.4243792	300.2583317	1.000553015
11.8	0.9926477807	0.9920382719	295.3324603	295.1461045	1.000631402
12	0.9926478315	0.9919815106	290.4102682	290.2097893	1.000690807
12.2	0.992647873	0.9919444911	285.6494565	285.4411582	1.000729742
12.4	0.9926479082	0.9919273111	281.0422174	280.8321316	1.000748083
12.6	0.9926479393	0.9919290167	276.5812385	276.3748407	1.000746804
12.8	0.992647968	0.9919478466	272.2596644	272.06168	1.000727719
13	0.9926479956	0.991981461	268.0710615	267.8853508	1.000693247
13.2	0.9926480219	0.9920271496	264.0093855	263.8388947	1.000646192
13.4	0.9926480472	0.9920820138	260.0689532	259.9157176	1.000589559
13.6	0.9926480714	0.9921431299	256.2444157	256.1096059	1.000526376
13.8	0.992648093	0.9922076783	252.5307337	252.4147328	1.000459565
14	0.9926481114	0.9922730524	248.9231561	248.8256592	1.000391828
14.2	0.9926481249	0.9923369387	245.4171992	245.3373261	1.000325564
14.4	0.9926481321	0.9923973744	242.0086284	241.945043	1.000262809
14.6	0.9926481334	0.9924527811	238.6934417	238.6444711	1.000205203
14.8	0.9926481301	0.9925019778	235.4678537	235.4316024	1.000153978
15	0.9926481245	0.9925441767	232.3282809	232.3027373	1.000109958
15.2	0.9926481196	0.9925789643	229.2713289	229.2544593	1.000073584
15.4	0.9926481187	0.9926062679	226.2937792	226.283609	1.000044945
15.6	0.992648123	0.9926263166	223.3925783	223.3872588	1.000023813
15.8	0.9926481328	0.9926395922	220.5648268	220.562687	1.000009701
16	0.9926481467	0.992646777	217.8077699	217.8073535	1.000001912
16.2	0.9926481615	0.9926487024	215.1187886	215.1188766	0.9999995909
16.4	0.9926481735	0.9926462945	212.4953915	212.4950123	1.000001785
16.6	0.9926481797	0.9926405262	209.9352074	209.9336348	1.000007491
16.8	0.9926481785	0.9926323713	207.4359785	207.4327203	1.000015707
17	0.9926481699	0.9926227624	204.9955533	204.9903318	1.000025472
17.2	0.9926481568	0.9926125612	202.6118813	202.6046078	1.0000359
17.4	0.9926481426	0.9926025272	200.2830062	200.2737519	1.000046208
17.6	0.9926481304	0.9925933026	198.0070606	197.9960255	1.000055734
17.8	0.9926481232	0.9925853969	195.7822608	195.7697416	1.000063949
18	0.9926481216	0.992579184	193.6069022	193.5932613	1.000070461
18.2	0.9926481255	0.9925749017	191.4793546	191.4649912	1.000075019
18.4	0.9926481336	0.9925726601	189.3980589	189.3833822	1.000077497
18.6	0.9926481441	0.9925724511	187.3615227	187.3469292	1.000077896
18.8	0.9926481549	0.9925741645	185.368317	185.3541714	1.000076316
19	0.9926481648	0.9925776052	183.4170733	183.4036937	1.000072952
19.2	0.9926481728	0.9925825122	181.5064801	181.4941272	1.000068063
19.4	0.992648179	0.9925885792	179.6352803	179.6241511	1.000061958
19.6	0.9926481838	0.9925954727	177.802268	177.7924933	1.000054978
19.8	0.9926481873	0.9926028518	176.006286	175.9979316	1.000047469
20	0.9926481902	0.9926103848	174.2462236	174.2392941	1.00003977
